 10.5          26262 
 11            26087 
 11.5          25958 
 12            26016 
 12.5          26125 
 13            26005 
 13.5          26156 
 14            26941 
 14.5          27730 
 15            28399 
 15.5          28440 
 16            28528 
 16.5          28796 
 17            29375 
 17.5          30346 
 18            31297 
 18.5          32180 
 19            32044 
 19.5          31141 
 20            30856 
 20.5          31350 
 21            32311 
 21.5          33577 
 22            34359 
 22.5          34640 
 23            34579 
 23.5          36652 
 24            40168 
 24.5          42651 
 25            42428 
 25.5          43034 
 26            44007 
 26.5          44422 
 27            42804 
 27.5          41778 
 28            41146 
 28.5          41044 
 29            39837 
 29.5          39233 
 30            38549 
 30.5          37692 
 31            38000 
 31.5          38382 
 32            40048 
 32.5          40723 
 33            41397 
 33.5          40106 
 34            38052 
 34.5          35181 
 35            33183 
 35.5          31571 
 36            30738 
 36.5          29932 
 37            29990 
 37.5          30078 
 38            29903 
 38.5          29522 
 39            28901 
 39.5          28474 
 40            28069 
 40.5          27804 
 41            27724 
 41.5          27882 
 42            27892 
 42.5          27278 
 43            26904 
 43.5          27251 
 44            27290 
 44.5          27707 
 45            27834 
 45.5          27670 
 46            27740 
 46.5          27413 
 47            27302 
 47.5          27012 
 48            26950 
 48.5          27101 
 49            27081 
 49.5          26980 
 50            26793 
 50.5          26708 
 51            26800 
 51.5          26500 
 52            26612 
 52.5          26333 
 53            26236 
 53.5          26537 
 54            26672 
 54.5          26796 
 55            26571 
 55.5          26447 
 56            26147 
 56.5          25984 
 57            25859 
 57.5          25984 
 58            26003 
 58.5          25915 
 59            25955 
 59.5          25996 
 60            26052 
 60            26052 
