 10.5          38805 
 11            38501 
 11.5          39341 
 12            40589 
 12.5          43070 
 13            45021 
 13.5          45585 
 14            46351 
 14.5          47796 
 15            50222 
 15.5          53821 
 16            56471 
 16.5          56322 
 17            53662 
 17.5          52720 
 18            53789 
 18.5          57065 
 19            59789 
 19.5          63412 
 20            61888 
 20.5          60602 
 21            61265 
 21.5          67405 
 22            71546 
 22.5          73546 
 23            72397 
 23.5          70418 
 24            68763 
 24.5          65757 
 25            63446 
 25.5          65284 
 26            76304 
 26.5          87176 
 27            92792 
 27.5          88597 
 28            80051 
 28.5          67960 
 29            57577 
 29.5          51116 
 30            47543 
 30.5          45109 
 31            42451 
 31.5          41283 
 32            41584 
 32.5          43758 
 33            44129 
 33.5          44581 
 34            43530 
 34.5          43231 
 35            41951 
 35.5          40462 
 36            37977 
 36.5          35622 
 37            34633 
 37.5          34795 
 38            36000 
 38.5          35851 
 39            35799 
 39.5          35561 
 40            35376 
 40.5          34279 
 41            33617 
 41.5          33058 
 42            33695 
 42.5          34267 
 43            35260 
 43.5          34983 
 44            35063 
 44.5          35479 
 45            36714 
 45.5          37156 
 46            37185 
 46.5          36603 
 47            35856 
 47.5          35270 
 48            34194 
 48.5          33044 
 49            32591 
 49.5          31902 
 50            32011 
 50.5          32680 
 51            32880 
 51.5          32065 
 52            31447 
 52.5          31569 
 53            31755 
 53.5          32090 
 54            31958 
 54.5          31610 
 55            31061 
 55.5          30304 
 56            29891 
 56.5          29497 
 57            29588 
 57.5          29976 
 58            30425 
 58.5          30544 
 59            29863 
 59.5          29483 
 60            29793 
 60            29793 
