 10.5          24021 
 11            24218 
 11.5          24492 
 12            24775 
 12.5          24804 
 13            25064 
 13.5          24811 
 14            24510 
 14.5          24523 
 15            24434 
 15.5          24360 
 16            24187 
 16.5          24443 
 17            24635 
 17.5          24820 
 18            25169 
 18.5          25231 
 19            25731 
 19.5          26089 
 20            25929 
 20.5          25567 
 21            25247 
 21.5          25439 
 22            25534 
 22.5          25845 
 23            26356 
 23.5          26300 
 24            26092 
 24.5          25527 
 25            25310 
 25.5          25320 
 26            25891 
 26.5          26322 
 27            26644 
 27.5          26386 
 28            26072 
 28.5          26116 
 29            26608 
 29.5          26412 
 30            26259 
 30.5          26124 
 31            26462 
 31.5          26487 
 32            26708 
 32.5          27287 
 33            28123 
 33.5          28727 
 34            28423 
 34.5          28014 
 35            28472 
 35.5          30364 
 36            32098 
 36.5          31648 
 37            30178 
 37.5          29216 
 38            29635 
 38.5          30583 
 39            31114 
 39.5          31681 
 40            31098 
 40.5          30994 
 41            30314 
 41.5          29940 
 42            29249 
 42.5          28960 
 43            28603 
 43.5          27619 
 44            26895 
 44.5          26749 
 45            26861 
 45.5          27041 
 46            26628 
 46.5          26579 
 47            26272 
 47.5          26130 
 48            26160 
 48.5          26192 
 49            26512 
 49.5          26527 
 50            26699 
 50.5          26820 
 51            26705 
 51.5          26585 
 52            26357 
 52.5          26369 
 53            26273 
 53.5          26216 
 54            26224 
 54.5          26139 
 55            26137 
 55.5          26032 
 56            25949 
 56.5          26083 
 57            25707 
 57.5          26094 
 58            25647 
 58.5          25570 
 59            25459 
 59.5          25420 
 60            25360 
 60            25360 
