 10.5          24241 
 11            24228 
 11.5          24502 
 12            25079 
 12.5          25348 
 13            25440 
 13.5          25336 
 14            25042 
 14.5          24953 
 15            25390 
 15.5          25942 
 16            26207 
 16.5          25969 
 17            25603 
 17.5          26035 
 18            26635 
 18.5          27198 
 19            27467 
 19.5          27484 
 20            27485 
 20.5          27123 
 21            27122 
 21.5          26464 
 22            26548 
 22.5          26545 
 23            26873 
 23.5          27629 
 24            28222 
 24.5          29113 
 25            29939 
 25.5          30182 
 26            29456 
 26.5          28292 
 27            27762 
 27.5          27433 
 28            27740 
 28.5          28918 
 29            30602 
 29.5          32779 
 30            34550 
 30.5          34777 
 31            33921 
 31.5          32545 
 32            31275 
 32.5          29939 
 33            29399 
 33.5          29093 
 34            30411 
 34.5          32147 
 35            33562 
 35.5          33612 
 36            32324 
 36.5          31481 
 37            31149 
 37.5          32019 
 38            33611 
 38.5          35053 
 39            35745 
 39.5          36175 
 40            36665 
 40.5          36826 
 41            35354 
 41.5          33423 
 42            31255 
 42.5          30093 
 43            29073 
 43.5          29048 
 44            30612 
 44.5          32164 
 45            33076 
 45.5          32385 
 46            30521 
 46.5          29420 
 47            28335 
 47.5          28575 
 48            29238 
 48.5          29709 
 49            29547 
 49.5          29692 
 50            30058 
 50.5          31389 
 51            33244 
 51.5          35822 
 52            39067 
 52.5          41944 
 53            41884 
 53.5          38430 
 54            33630 
 54.5          30956 
 55            30495 
 55.5          31332 
 56            31846 
 56.5          31259 
 57            29865 
 57.5          28787 
 58            30030 
 58.5          34347 
 59            39265 
 59.5          39834 
 60            36767 
 60            36767 
