 10.5          30598 
 11            29952 
 11.5          30708 
 12            31757 
 12.5          32715 
 13            33147 
 13.5          33171 
 14            33708 
 14.5          33311 
 15            34469 
 15.5          36448 
 16            38555 
 16.5          39584 
 17            39458 
 17.5          39151 
 18            39084 
 18.5          39410 
 19            40151 
 19.5          41975 
 20            43335 
 20.5          44025 
 21            43501 
 21.5          43148 
 22            43599 
 22.5          44915 
 23            47217 
 23.5          51400 
 24            56000 
 24.5          61333 
 25            68765 
 25.5          76434 
 26            81845 
 26.5          84293 
 27            84301 
 27.5          83089 
 28            77674 
 28.5          74512 
 29            71892 
 29.5          73574 
 30            73261 
 30.5          71206 
 31            68277 
 31.5          65413 
 32            60979 
 32.5          57855 
 33            54201 
 33.5          53215 
 34            52720 
 34.5          52749 
 35            53436 
 35.5          54996 
 36            57098 
 36.5          58797 
 37            58159 
 37.5          56716 
 38            55336 
 38.5          55620 
 39            54660 
 39.5          52079 
 40            47832 
 40.5          43565 
 41            41908 
 41.5          40476 
 42            39433 
 42.5          38560 
 43            38562 
 43.5          37798 
 44            36399 
 44.5          35185 
 45            34821 
 45.5          35332 
 46            35166 
 46.5          34756 
 47            34102 
 47.5          33515 
 48            32980 
 48.5          32280 
 49            32228 
 49.5          31790 
 50            31617 
 50.5          31545 
 51            31532 
 51.5          32233 
 52            32072 
 52.5          31918 
 53            31923 
 53.5          31986 
 54            31918 
 54.5          31319 
 55            30983 
 55.5          30830 
 56            30935 
 56.5          30909 
 57            30504 
 57.5          30468 
 58            30686 
 58.5          31086 
 59            31254 
 59.5          30800 
 60            30505 
 60            30505 
