 10.5          36477 
 11            39105 
 11.5          41358 
 12            43541 
 12.5          44974 
 13            46406 
 13.5          45988 
 14            43829 
 14.5          42076 
 15            42151 
 15.5          41948 
 16            40768 
 16.5          39944 
 17            40238 
 17.5          41623 
 18            44108 
 18.5          47529 
 19            50628 
 19.5          51226 
 20            51703 
 20.5          51266 
 21            53271 
 21.5          55309 
 22            55298 
 22.5          54751 
 23            57469 
 23.5          61704 
 24            64774 
 24.5          63845 
 25            64320 
 25.5          66718 
 26            69706 
 26.5          71032 
 27            71595 
 27.5          67842 
 28            63481 
 28.5          57772 
 29            54700 
 29.5          53461 
 30            53166 
 30.5          53385 
 31            52550 
 31.5          51135 
 32            49753 
 32.5          49773 
 33            49159 
 33.5          49811 
 34            50543 
 34.5          50975 
 35            50987 
 35.5          50078 
 36            50927 
 36.5          48898 
 37            47785 
 37.5          47390 
 38            49648 
 38.5          51470 
 39            50859 
 39.5          47910 
 40            44100 
 40.5          41381 
 41            39768 
 41.5          39221 
 42            39651 
 42.5          40072 
 43            39656 
 43.5          38482 
 44            37881 
 44.5          36811 
 45            35644 
 45.5          35322 
 46            36017 
 46.5          36142 
 47            36963 
 47.5          37542 
 48            37599 
 48.5          36636 
 49            35520 
 49.5          35231 
 50            35148 
 50.5          34921 
 51            34430 
 51.5          34229 
 52            34261 
 52.5          33855 
 53            32549 
 53.5          32145 
 54            31948 
 54.5          31987 
 55            31117 
 55.5          31026 
 56            31133 
 56.5          31761 
 57            31965 
 57.5          31804 
 58            31084 
 58.5          30634 
 59            30659 
 59.5          31159 
 60            31231 
 60            31231 
