 10.5          43931 
 11            43121 
 11.5          40288 
 12            41140 
 12.5          41520 
 13            42085 
 13.5          40287 
 14            39939 
 14.5          39466 
 15            39836 
 15.5          39806 
 16            40103 
 16.5          41454 
 17            42474 
 17.5          43752 
 18            44539 
 18.5          44491 
 19            46960 
 19.5          47758 
 20            47438 
 20.5          46117 
 21            45381 
 21.5          45119 
 22            46023 
 22.5          48294 
 23            50433 
 23.5          50211 
 24            52074 
 24.5          53516 
 25            56016 
 25.5          56578 
 26            58340 
 26.5          61789 
 27            64059 
 27.5          64197 
 28            61393 
 28.5          60574 
 29            60338 
 29.5          60463 
 30            58981 
 30.5          56594 
 31            55682 
 31.5          56147 
 32            55029 
 32.5          52090 
 33            49580 
 33.5          49215 
 34            47811 
 34.5          45985 
 35            45650 
 35.5          46729 
 36            48647 
 36.5          49261 
 37            49308 
 37.5          49279 
 38            49195 
 38.5          48945 
 39            47257 
 39.5          45039 
 40            43198 
 40.5          41882 
 41            42460 
 41.5          42912 
 42            42265 
 42.5          41288 
 43            40267 
 43.5          40170 
 44            38931 
 44.5          37392 
 45            36339 
 45.5          36249 
 46            37226 
 46.5          37708 
 47            37246 
 47.5          36280 
 48            35591 
 48.5          35329 
 49            35339 
 49.5          35389 
 50            35440 
 50.5          35025 
 51            35041 
 51.5          35026 
 52            35574 
 52.5          35230 
 53            34494 
 53.5          33930 
 54            33126 
 54.5          32585 
 55            32365 
 55.5          32058 
 56            32304 
 56.5          32367 
 57            32408 
 57.5          31412 
 58            30535 
 58.5          30359 
 59            30355 
 59.5          30378 
 60            29856 
 60            29856 
