 10.5          28420 
 11            29178 
 11.5          30251 
 12            30945 
 12.5          30556 
 13            30022 
 13.5          29665 
 14            29561 
 14.5          29766 
 15            30400 
 15.5          31660 
 16            33381 
 16.5          35106 
 17            36341 
 17.5          36973 
 18            37534 
 18.5          37694 
 19            39621 
 19.5          41580 
 20            43301 
 20.5          43286 
 21            42490 
 21.5          42350 
 22            42772 
 22.5          43309 
 23            44292 
 23.5          44111 
 24            43047 
 24.5          40246 
 25            39781 
 25.5          41490 
 26            44601 
 26.5          47482 
 27            49105 
 27.5          50288 
 28            49696 
 28.5          47935 
 29            45786 
 29.5          43552 
 30            41305 
 30.5          40220 
 31            41050 
 31.5          41897 
 32            40945 
 32.5          38000 
 33            35676 
 33.5          33890 
 34            33631 
 34.5          36139 
 35            38944 
 35.5          39648 
 36            37271 
 36.5          35164 
 37            33830 
 37.5          34303 
 38            34340 
 38.5          34280 
 39            33308 
 39.5          32737 
 40            32484 
 40.5          32208 
 41            31617 
 41.5          31988 
 42            32516 
 42.5          33189 
 43            32598 
 43.5          31614 
 44            30341 
 44.5          30101 
 45            30751 
 45.5          31007 
 46            31018 
 46.5          30615 
 47            30395 
 47.5          30243 
 48            30690 
 48.5          30906 
 49            31837 
 49.5          32269 
 50            32055 
 50.5          30971 
 51            30146 
 51.5          29767 
 52            29882 
 52.5          30034 
 53            29870 
 53.5          29441 
 54            29396 
 54.5          29188 
 55            29096 
 55.5          29288 
 56            29408 
 56.5          29109 
 57            28710 
 57.5          28665 
 58            28212 
 58.5          28408 
 59            28480 
 59.5          28853 
 60            28895 
 60            28895 
