 10.5          30697 
 11            29836 
 11.5          30105 
 12            31315 
 12.5          32140 
 13            32961 
 13.5          32993 
 14            33555 
 14.5          33380 
 15            34246 
 15.5          36310 
 16            38332 
 16.5          39261 
 17            39052 
 17.5          38848 
 18            39116 
 18.5          39205 
 19            40647 
 19.5          42621 
 20            44055 
 20.5          44668 
 21            44373 
 21.5          43954 
 22            44388 
 22.5          45923 
 23            48377 
 23.5          51898 
 24            56261 
 24.5          61638 
 25            68985 
 25.5          76534 
 26            81919 
 26.5          84417 
 27            83727 
 27.5          82141 
 28            76346 
 28.5          72659 
 29            69213 
 29.5          70196 
 30            70436 
 30.5          68914 
 31            66533 
 31.5          63657 
 32            59901 
 32.5          55892 
 33            52782 
 33.5          51948 
 34            51499 
 34.5          51879 
 35            52706 
 35.5          54237 
 36            56952 
 36.5          59030 
 37            58471 
 37.5          56840 
 38            55871 
 38.5          55849 
 39            54382 
 39.5          51596 
 40            47155 
 40.5          43138 
 41            41341 
 41.5          39949 
 42            39678 
 42.5          38185 
 43            38093 
 43.5          37037 
 44            35767 
 44.5          34429 
 45            34251 
 45.5          34648 
 46            34764 
 46.5          34135 
 47            33423 
 47.5          32903 
 48            32383 
 48.5          31981 
 49            31730 
 49.5          31267 
 50            31161 
 50.5          31000 
 51            31297 
 51.5          31867 
 52            32103 
 52.5          32020 
 53            32219 
 53.5          31973 
 54            31874 
 54.5          31052 
 55            30946 
 55.5          30398 
 56            30474 
 56.5          30448 
 57            30163 
 57.5          30053 
 58            30489 
 58.5          31065 
 59            30908 
 59.5          30380 
 60            30112 
 60            30112 
