 10.5          30366 
 11            30555 
 11.5          31418 
 12            31428 
 12.5          32269 
 13            32375 
 13.5          33964 
 14            35454 
 14.5          36837 
 15            36458 
 15.5          36886 
 16            37911 
 16.5          39396 
 17            40130 
 17.5          41303 
 18            43687 
 18.5          49659 
 19            57807 
 19.5          65007 
 20            67046 
 20.5          66449 
 21            66832 
 21.5          71921 
 22            77353 
 22.5          81364 
 23            83333 
 23.5          84815 
 24            84608 
 24.5          85906 
 25            86730 
 25.5          88770 
 26            89396 
 26.5          91082 
 27            91967 
 27.5          89286 
 28            89713 
 28.5          89383 
 29            91006 
 29.5          86682 
 30            81319 
 30.5          74478 
 31            66475 
 31.5          58869 
 32            54256 
 32.5          51341 
 33            51185 
 33.5          50213 
 34            48383 
 34.5          45763 
 35            43330 
 35.5          41239 
 36            39549 
 36.5          38931 
 37            38583 
 37.5          38776 
 38            38038 
 38.5          37367 
 39            36299 
 39.5          35730 
 40            35107 
 40.5          34716 
 41            34731 
 41.5          34735 
 42            34422 
 42.5          33468 
 43            32163 
 43.5          31296 
 44            31011 
 44.5          31127 
 45            30917 
 45.5          30534 
 46            30716 
 46.5          30454 
 47            30487 
 47.5          30445 
 48            30005 
 48.5          30507 
 49            31200 
 49.5          31324 
 50            30672 
 50.5          30015 
 51            29515 
 51.5          28950 
 52            29116 
 52.5          29064 
 53            29147 
 53.5          29677 
 54            29707 
 54.5          29885 
 55            29330 
 55.5          28979 
 56            28686 
 56.5          28801 
 57            28785 
 57.5          28587 
 58            28761 
 58.5          28911 
 59            28962 
 59.5          28600 
 60            28303 
 60            28303 
