 10.5          30822 
 11            32404 
 11.5          34284 
 12            35446 
 12.5          36559 
 13            37480 
 13.5          38200 
 14            38850 
 14.5          39032 
 15            38189 
 15.5          37825 
 16            39030 
 16.5          40616 
 17            41724 
 17.5          43782 
 18            46022 
 18.5          47884 
 19            49110 
 19.5          51106 
 20            54918 
 20.5          56826 
 21            56944 
 21.5          58048 
 22            64333 
 22.5          74675 
 23            84536 
 23.5          90810 
 24            97913 
 24.5          103338 
 25            105205 
 25.5          105285 
 26            108830 
 26.5          111767 
 27            106911 
 27.5          96742 
 28            87093 
 28.5          79787 
 29            72299 
 29.5          66311 
 30            64057 
 30.5          62437 
 31            64991 
 31.5          65212 
 32            63511 
 32.5          58249 
 33            54505 
 33.5          52155 
 34            49583 
 34.5          48331 
 35            49374 
 35.5          49939 
 36            49260 
 36.5          45970 
 37            43801 
 37.5          41414 
 38            39458 
 38.5          37922 
 39            37252 
 39.5          36260 
 40            35438 
 40.5          34811 
 41            34313 
 41.5          34583 
 42            34945 
 42.5          35629 
 43            35973 
 43.5          36198 
 44            35222 
 44.5          34122 
 45            33152 
 45.5          33143 
 46            33292 
 46.5          33484 
 47            33568 
 47.5          32835 
 48            32085 
 48.5          31594 
 49            31592 
 49.5          31443 
 50            30819 
 50.5          30791 
 51            31176 
 51.5          31850 
 52            31655 
 52.5          30981 
 53            30733 
 53.5          30262 
 54            29909 
 54.5          29645 
 55            29963 
 55.5          30397 
 56            30417 
 56.5          30200 
 57            29789 
 57.5          29597 
 58            29470 
 58.5          29146 
 59            29236 
 59.5          28857 
 60            28819 
 60            28819 
