 10.5          30328 
 11            30922 
 11.5          31604 
 12            31903 
 12.5          31767 
 13            31498 
 13.5          31959 
 14            32693 
 14.5          33683 
 15            34797 
 15.5          35532 
 16            35675 
 16.5          36102 
 17            37977 
 17.5          43808 
 18            49796 
 18.5          53603 
 19            53861 
 19.5          54094 
 20            55281 
 20.5          55979 
 21            59248 
 21.5          64675 
 22            69099 
 22.5          70705 
 23            69637 
 23.5          70380 
 24            71406 
 24.5          71953 
 25            73190 
 25.5          75415 
 26            80884 
 26.5          81380 
 27            79426 
 27.5          73975 
 28            69532 
 28.5          62450 
 29            57044 
 29.5          53429 
 30            52712 
 30.5          53034 
 31            53151 
 31.5          51947 
 32            51576 
 32.5          50354 
 33            49116 
 33.5          48734 
 34            47200 
 34.5          45623 
 35            42247 
 35.5          40496 
 36            39351 
 36.5          38596 
 37            38219 
 37.5          38465 
 38            39594 
 38.5          39546 
 39            39144 
 39.5          37826 
 40            36763 
 40.5          36088 
 41            35777 
 41.5          36298 
 42            36021 
 42.5          35472 
 43            34987 
 43.5          34898 
 44            34815 
 44.5          33900 
 45            33345 
 45.5          32720 
 46            32067 
 46.5          31733 
 47            31593 
 47.5          31492 
 48            31183 
 48.5          31131 
 49            31969 
 49.5          32139 
 50            32119 
 50.5          31560 
 51            30736 
 51.5          30489 
 52            30346 
 52.5          30923 
 53            31206 
 53.5          31053 
 54            30576 
 54.5          30338 
 55            30358 
 55.5          29820 
 56            29348 
 56.5          28813 
 57            28899 
 57.5          29220 
 58            29280 
 58.5          29238 
 59            29074 
 59.5          29141 
 60            29114 
 60            29114 
