 10.5          30607 
 11            32283 
 11.5          34534 
 12            35892 
 12.5          37114 
 13            37302 
 13.5          38067 
 14            38789 
 14.5          39016 
 15            38336 
 15.5          37776 
 16            39027 
 16.5          40500 
 17            41602 
 17.5          43706 
 18            45927 
 18.5          48073 
 19            49061 
 19.5          51196 
 20            54562 
 20.5          56484 
 21            56846 
 21.5          58055 
 22            63871 
 22.5          74179 
 23            85272 
 23.5          93343 
 24            100672 
 24.5          106042 
 25            108017 
 25.5          110050 
 26            113457 
 26.5          116650 
 27            111391 
 27.5          101784 
 28            91584 
 28.5          83769 
 29            75973 
 29.5          69283 
 30            66192 
 30.5          64273 
 31            66870 
 31.5          67254 
 32            66261 
 32.5          60711 
 33            56416 
 33.5          53941 
 34            51221 
 34.5          49746 
 35            50555 
 35.5          51062 
 36            50481 
 36.5          47107 
 37            45002 
 37.5          42441 
 38            40521 
 38.5          38609 
 39            37856 
 39.5          36876 
 40            36169 
 40.5          35373 
 41            35051 
 41.5          35165 
 42            35446 
 42.5          36108 
 43            36492 
 43.5          36713 
 44            35787 
 44.5          34686 
 45            33532 
 45.5          33513 
 46            33651 
 46.5          33936 
 47            33638 
 47.5          32923 
 48            32372 
 48.5          32052 
 49            32147 
 49.5          31864 
 50            31287 
 50.5          31240 
 51            31635 
 51.5          32343 
 52            32025 
 52.5          31722 
 53            31125 
 53.5          30972 
 54            30360 
 54.5          29748 
 55            30293 
 55.5          30599 
 56            30722 
 56.5          30562 
 57            30169 
 57.5          30047 
 58            29806 
 58.5          29522 
 59            29340 
 59.5          28936 
 60            29019 
 60            29019 
