 10.5          27249 
 11            27281 
 11.5          27680 
 12            28235 
 12.5          28961 
 13            29223 
 13.5          29115 
 14            29214 
 14.5          30373 
 15            31512 
 15.5          31935 
 16            31772 
 16.5          31883 
 17            32242 
 17.5          32163 
 18            31875 
 18.5          31868 
 19            32022 
 19.5          32752 
 20            33456 
 20.5          35274 
 21            38290 
 21.5          42640 
 22            47226 
 22.5          50836 
 23            52734 
 23.5          51700 
 24            50323 
 24.5          47482 
 25            46129 
 25.5          45628 
 26            47197 
 26.5          48444 
 27            48754 
 27.5          46627 
 28            45099 
 28.5          46010 
 29            48929 
 29.5          54485 
 30            57279 
 30.5          60202 
 31            63514 
 31.5          65720 
 32            64691 
 32.5          57927 
 33            51931 
 33.5          46198 
 34            43219 
 34.5          41639 
 35            40864 
 35.5          39007 
 36            37462 
 36.5          35819 
 37            34949 
 37.5          36339 
 38            39058 
 38.5          40049 
 39            38450 
 39.5          36088 
 40            34435 
 40.5          34134 
 41            34039 
 41.5          33993 
 42            33834 
 42.5          33867 
 43            34072 
 43.5          33893 
 44            33926 
 44.5          34027 
 45            33681 
 45.5          33054 
 46            31833 
 46.5          31241 
 47            30865 
 47.5          31431 
 48            31233 
 48.5          31629 
 49            31561 
 49.5          31403 
 50            31411 
 50.5          31410 
 51            32096 
 51.5          32496 
 52            32294 
 52.5          31613 
 53            31037 
 53.5          30705 
 54            30290 
 54.5          30005 
 55            30038 
 55.5          29880 
 56            29841 
 56.5          29947 
 57            29868 
 57.5          30108 
 58            30070 
 58.5          29936 
 59            29650 
 59.5          29090 
 60            28806 
 60            28806 
