 10.5          32302 
 11            32408 
 11.5          32905 
 12            33595 
 12.5          33971 
 13            34346 
 13.5          35521 
 14            36685 
 14.5          37662 
 15            37529 
 15.5          36558 
 16            36847 
 16.5          38515 
 17            43905 
 17.5          49810 
 18            54555 
 18.5          57859 
 19            61020 
 19.5          67500 
 20            71499 
 20.5          75953 
 21            77885 
 21.5          86312 
 22            91734 
 22.5          96579 
 23            92871 
 23.5          90724 
 24            92674 
 24.5          101364 
 25            105400 
 25.5          107195 
 26            117412 
 26.5          147671 
 27            164975 
 27.5          153710 
 28            118275 
 28.5          90551 
 29            76023 
 29.5          67888 
 30            62824 
 30.5          59132 
 31            55268 
 31.5          52133 
 32            52478 
 32.5          56084 
 33            58536 
 33.5          56428 
 34            51378 
 34.5          46718 
 35            43232 
 35.5          42340 
 36            42553 
 36.5          42529 
 37            41548 
 37.5          40665 
 38            39757 
 38.5          39301 
 39            38356 
 39.5          37342 
 40            36133 
 40.5          35433 
 41            35504 
 41.5          35416 
 42            34801 
 42.5          34387 
 43            34050 
 43.5          34599 
 44            34810 
 44.5          34880 
 45            33978 
 45.5          33618 
 46            32955 
 46.5          32746 
 47            31796 
 47.5          31247 
 48            31297 
 48.5          30950 
 49            30854 
 49.5          30643 
 50            30361 
 50.5          30095 
 51            29714 
 51.5          29630 
 52            29826 
 52.5          30241 
 53            30314 
 53.5          29896 
 54            29569 
 54.5          29512 
 55            29705 
 55.5          29938 
 56            29707 
 56.5          30036 
 57            30193 
 57.5          30177 
 58            29847 
 58.5          29952 
 59            29867 
 59.5          29783 
 60            29717 
 60            29717 
