 10.5          31248 
 11            32013 
 11.5          32884 
 12            33463 
 12.5          33935 
 13            33935 
 13.5          34713 
 14            36182 
 14.5          37076 
 15            37526 
 15.5          37956 
 16            38917 
 16.5          40324 
 17            40110 
 17.5          39927 
 18            40197 
 18.5          43971 
 19            51053 
 19.5          58359 
 20            62230 
 20.5          62834 
 21            63705 
 21.5          66049 
 22            70776 
 22.5          76053 
 23            83383 
 23.5          86485 
 24            88128 
 24.5          86784 
 25            88194 
 25.5          88305 
 26            87045 
 26.5          87439 
 27            88039 
 27.5          87977 
 28            87585 
 28.5          87125 
 29            90382 
 29.5          92670 
 30            92546 
 30.5          87663 
 31            81694 
 31.5          73814 
 32            66744 
 32.5          60365 
 33            57690 
 33.5          55201 
 34            51801 
 34.5          48169 
 35            45629 
 35.5          43526 
 36            41557 
 36.5          40549 
 37            39966 
 37.5          39462 
 38            38313 
 38.5          37000 
 39            35353 
 39.5          34494 
 40            33920 
 40.5          33681 
 41            33656 
 41.5          33463 
 42            33501 
 42.5          32865 
 43            32366 
 43.5          31747 
 44            31448 
 44.5          31508 
 45            31305 
 45.5          31016 
 46            30793 
 46.5          30747 
 47            30845 
 47.5          30508 
 48            30364 
 48.5          30449 
 49            30841 
 49.5          31088 
 50            30742 
 50.5          30472 
 51            30030 
 51.5          29777 
 52            29529 
 52.5          29413 
 53            29462 
 53.5          29626 
 54            29935 
 54.5          29523 
 55            28997 
 55.5          28871 
 56            28772 
 56.5          28883 
 57            28757 
 57.5          28923 
 58            28616 
 58.5          28561 
 59            28509 
 59.5          28335 
 60            28191 
 60            28191 
