 10.5          24044 
 11            24473 
 11.5          24622 
 12            24757 
 12.5          25076 
 13            25115 
 13.5          25163 
 14            25285 
 14.5          25440 
 15            25367 
 15.5          26357 
 16            26224 
 16.5          26566 
 17            26772 
 17.5          27367 
 18            28211 
 18.5          28866 
 19            28762 
 19.5          27812 
 20            27994 
 20.5          29039 
 21            29840 
 21.5          30964 
 22            30883 
 22.5          31071 
 23            30517 
 23.5          30219 
 24            30424 
 24.5          31135 
 25            32299 
 25.5          33083 
 26            33891 
 26.5          34719 
 27            35513 
 27.5          36478 
 28            37677 
 28.5          39990 
 29            43339 
 29.5          46447 
 30            50288 
 30.5          51527 
 31            56454 
 31.5          60055 
 32            65835 
 32.5          68858 
 33            75005 
 33.5          82022 
 34            90645 
 34.5          101846 
 35            111287 
 35.5          110104 
 36            96887 
 36.5          78233 
 37            63235 
 37.5          54853 
 38            51303 
 38.5          52552 
 39            54960 
 39.5          54048 
 40            50352 
 40.5          47090 
 41            44953 
 41.5          42864 
 42            40324 
 42.5          37964 
 43            37057 
 43.5          36151 
 44            36015 
 44.5          34305 
 45            32949 
 45.5          31649 
 46            30651 
 46.5          30394 
 47            29741 
 47.5          29126 
 48            29059 
 48.5          29462 
 49            30233 
 49.5          29844 
 50            29121 
 50.5          29159 
 51            29659 
 51.5          29761 
 52            29080 
 52.5          28329 
 53            27809 
 53.5          27748 
 54            27535 
 54.5          27085 
 55            26645 
 55.5          26764 
 56            26988 
 56.5          27348 
 57            27171 
 57.5          27430 
 58            27246 
 58.5          26886 
 59            26808 
 59.5          26795 
 60            27122 
 60            27122 
