 10.5          23532 
 11            23708 
 11.5          23838 
 12            23937 
 12.5          23949 
 13            24225 
 13.5          24212 
 14            24247 
 14.5          24446 
 15            24463 
 15.5          24836 
 16            25296 
 16.5          25707 
 17            25710 
 17.5          25936 
 18            26254 
 18.5          26365 
 19            26514 
 19.5          26388 
 20            26619 
 20.5          26955 
 21            27369 
 21.5          27279 
 22            27277 
 22.5          28240 
 23            29473 
 23.5          30823 
 24            31559 
 24.5          31834 
 25            31693 
 25.5          31479 
 26            30850 
 26.5          30872 
 27            31192 
 27.5          31723 
 28            32123 
 28.5          32333 
 29            33180 
 29.5          34172 
 30            35418 
 30.5          35921 
 31            35988 
 31.5          35365 
 32            35179 
 32.5          35754 
 33            37352 
 33.5          38709 
 34            39209 
 34.5          39166 
 35            38507 
 35.5          39187 
 36            39814 
 36.5          39530 
 37            38725 
 37.5          39281 
 38            40243 
 38.5          40433 
 39            38884 
 39.5          38354 
 40            37827 
 40.5          38092 
 41            38082 
 41.5          38731 
 42            39574 
 42.5          40663 
 43            41796 
 43.5          41924 
 44            40948 
 44.5          39088 
 45            37711 
 45.5          37185 
 46            37284 
 46.5          37390 
 47            36854 
 47.5          37096 
 48            37871 
 48.5          37674 
 49            36074 
 49.5          33636 
 50            32158 
 50.5          31134 
 51            30762 
 51.5          30934 
 52            30529 
 52.5          29447 
 53            28641 
 53.5          28517 
 54            28504 
 54.5          28363 
 55            28041 
 55.5          27541 
 56            27311 
 56.5          27320 
 57            27612 
 57.5          27683 
 58            27525 
 58.5          27433 
 59            27440 
 59.5          27277 
 60            27354 
 60            27354 
