 10.5          24560 
 11            24461 
 11.5          24545 
 12            24380 
 12.5          24572 
 13            24734 
 13.5          24933 
 14            25010 
 14.5          25013 
 15            25396 
 15.5          25640 
 16            25892 
 16.5          26193 
 17            26323 
 17.5          26972 
 18            27947 
 18.5          28687 
 19            28718 
 19.5          27770 
 20            28056 
 20.5          28929 
 21            30294 
 21.5          30779 
 22            31042 
 22.5          31084 
 23            30417 
 23.5          30302 
 24            30316 
 24.5          31295 
 25            32264 
 25.5          32955 
 26            33379 
 26.5          34122 
 27            35064 
 27.5          36157 
 28            37737 
 28.5          40058 
 29            43477 
 29.5          46505 
 30            50394 
 30.5          51532 
 31            56449 
 31.5          60050 
 32            65846 
 32.5          68423 
 33            74480 
 33.5          80308 
 34            89013 
 34.5          99081 
 35            108682 
 35.5          106974 
 36            92537 
 36.5          76245 
 37            62310 
 37.5          54462 
 38            51230 
 38.5          52455 
 39            54981 
 39.5          53903 
 40            50239 
 40.5          46807 
 41            44883 
 41.5          42802 
 42            40132 
 42.5          37932 
 43            37033 
 43.5          36536 
 44            36051 
 44.5          34840 
 45            33565 
 45.5          32119 
 46            31286 
 46.5          30853 
 47            30269 
 47.5          29378 
 48            29086 
 48.5          29844 
 49            30426 
 49.5          29957 
 50            29560 
 50.5          29592 
 51            30162 
 51.5          30171 
 52            29626 
 52.5          28736 
 53            28281 
 53.5          27988 
 54            27643 
 54.5          27232 
 55            26833 
 55.5          26882 
 56            27052 
 56.5          27147 
 57            27283 
 57.5          27145 
 58            27605 
 58.5          27053 
 59            26624 
 59.5          27130 
 60            27170 
 60            27170 
