 10.5          34377 
 11            34973 
 11.5          36193 
 12            36446 
 12.5          36046 
 13            35206 
 13.5          35477 
 14            36152 
 14.5          36836 
 15            36826 
 15.5          36229 
 16            37779 
 16.5          41835 
 17            45735 
 17.5          46870 
 18            47209 
 18.5          48522 
 19            58549 
 19.5          83016 
 20            118865 
 20.5          147406 
 21            149443 
 21.5          130517 
 22            108710 
 22.5          95135 
 23            88967 
 23.5          85700 
 24            87090 
 24.5          85049 
 25            88776 
 25.5          86929 
 26            81833 
 26.5          76900 
 27            77564 
 27.5          77729 
 28            71417 
 28.5          64068 
 29            60461 
 29.5          59815 
 30            58462 
 30.5          57205 
 31            54709 
 31.5          52241 
 32            49683 
 32.5          48717 
 33            49309 
 33.5          49138 
 34            48704 
 34.5          49369 
 35            52544 
 35.5          54490 
 36            54109 
 36.5          52428 
 37            51314 
 37.5          50495 
 38            49515 
 38.5          49747 
 39            51531 
 39.5          51487 
 40            48413 
 40.5          43240 
 41            40066 
 41.5          38321 
 42            37453 
 42.5          36357 
 43            35275 
 43.5          36344 
 44            36921 
 44.5          36608 
 45            34856 
 45.5          33081 
 46            32378 
 46.5          32211 
 47            32011 
 47.5          31826 
 48            31525 
 48.5          31212 
 49            31008 
 49.5          30816 
 50            30928 
 50.5          30649 
 51            31144 
 51.5          31406 
 52            31689 
 52.5          30886 
 53            29868 
 53.5          29774 
 54            29589 
 54.5          29579 
 55            29470 
 55.5          29828 
 56            29976 
 56.5          29611 
 57            29431 
 57.5          28973 
 58            28981 
 58.5          29088 
 59            29149 
 59.5          29207 
 60            29217 
 60            29217 
