 10.5          31374 
 11            31987 
 11.5          32561 
 12            32866 
 12.5          32927 
 13            34236 
 13.5          35880 
 14            36917 
 14.5          37341 
 15            37683 
 15.5          38498 
 16            38550 
 16.5          38657 
 17            38498 
 17.5          37799 
 18            37541 
 18.5          37255 
 19            39525 
 19.5          43038 
 20            46462 
 20.5          50209 
 21            52122 
 21.5          52649 
 22            51095 
 22.5          50977 
 23            51192 
 23.5          51533 
 24            51687 
 24.5          54508 
 25            57768 
 25.5          62558 
 26            63804 
 26.5          62690 
 27            59343 
 27.5          57025 
 28            56739 
 28.5          58754 
 29            63032 
 29.5          69953 
 30            76368 
 30.5          79596 
 31            76580 
 31.5          68355 
 32            59075 
 32.5          51805 
 33            47397 
 33.5          46293 
 34            46495 
 34.5          46541 
 35            44705 
 35.5          42433 
 36            40055 
 36.5          37601 
 37            35670 
 37.5          35638 
 38            36460 
 38.5          37334 
 39            36528 
 39.5          35934 
 40            35949 
 40.5          36497 
 41            36768 
 41.5          35579 
 42            34098 
 42.5          32443 
 43            31758 
 43.5          31618 
 44            32183 
 44.5          32915 
 45            33782 
 45.5          34123 
 46            34420 
 46.5          34583 
 47            35015 
 47.5          34158 
 48            33587 
 48.5          33244 
 49            32721 
 49.5          32233 
 50            31107 
 50.5          30737 
 51            30716 
 51.5          29960 
 52            29416 
 52.5          29560 
 53            30113 
 53.5          30537 
 54            30492 
 54.5          29964 
 55            30108 
 55.5          30106 
 56            30661 
 56.5          31040 
 57            31011 
 57.5          30502 
 58            30247 
 58.5          29874 
 59            29688 
 59.5          29099 
 60            29095 
 60            29095 
