 10.5          36267 
 11            37062 
 11.5          36628 
 12            36198 
 12.5          37028 
 13            37489 
 13.5          38647 
 14            38765 
 14.5          39325 
 15            41319 
 15.5          42873 
 16            43931 
 16.5          42568 
 17            42662 
 17.5          43158 
 18            45490 
 18.5          48454 
 19            52175 
 19.5          54051 
 20            51894 
 20.5          48290 
 21            46966 
 21.5          48483 
 22            52327 
 22.5          55630 
 23            59787 
 23.5          67562 
 24            76673 
 24.5          85987 
 25            92830 
 25.5          93539 
 26            88573 
 26.5          77757 
 27            70254 
 27.5          66729 
 28            65636 
 28.5          63127 
 29            61303 
 29.5          60279 
 30            60480 
 30.5          57116 
 31            52670 
 31.5          47737 
 32            43880 
 32.5          41236 
 33            39969 
 33.5          40060 
 34            40807 
 34.5          40772 
 35            40656 
 35.5          39999 
 36            40935 
 36.5          41822 
 37            42116 
 37.5          40682 
 38            38735 
 38.5          37351 
 39            36730 
 39.5          36421 
 40            35578 
 40.5          34840 
 41            34746 
 41.5          34979 
 42            35686 
 42.5          35885 
 43            36681 
 43.5          36908 
 44            36409 
 44.5          36016 
 45            35850 
 45.5          35576 
 46            34420 
 46.5          33245 
 47            33409 
 47.5          33463 
 48            33953 
 48.5          33815 
 49            33687 
 49.5          33105 
 50            32007 
 50.5          31873 
 51            32267 
 51.5          32696 
 52            32135 
 52.5          31054 
 53            30426 
 53.5          30152 
 54            30448 
 54.5          30396 
 55            30534 
 55.5          30642 
 56            30665 
 56.5          30158 
 57            30090 
 57.5          30194 
 58            30379 
 58.5          30524 
 59            30825 
 59.5          30534 
 60            30391 
 60            30391 
