 10.5          38063 
 11            39155 
 11.5          40492 
 12            42135 
 12.5          44326 
 13            45244 
 13.5          46662 
 14            48355 
 14.5          50769 
 15            52164 
 15.5          52629 
 16            54042 
 16.5          60891 
 17            71015 
 17.5          78985 
 18            81546 
 18.5          83687 
 19            84595 
 19.5          86143 
 20            90360 
 20.5          99352 
 21            116715 
 21.5          152495 
 22            199205 
 22.5          236121 
 23            232753 
 23.5          217673 
 24            194758 
 24.5          179383 
 25            155552 
 25.5          137681 
 26            121704 
 26.5          107442 
 27            93707 
 27.5          84558 
 28            77699 
 28.5          72430 
 29            64855 
 29.5          60204 
 30            57454 
 30.5          57342 
 31            57928 
 31.5          58414 
 32            58579 
 32.5          56768 
 33            54790 
 33.5          51890 
 34            49310 
 34.5          47004 
 35            45756 
 35.5          45359 
 36            45422 
 36.5          45015 
 37            44324 
 37.5          44046 
 38            44968 
 38.5          44249 
 39            43220 
 39.5          41287 
 40            41792 
 40.5          41293 
 41            41471 
 41.5          40126 
 42            39452 
 42.5          38776 
 43            37862 
 43.5          37163 
 44            36344 
 44.5          35451 
 45            34721 
 45.5          33996 
 46            34132 
 46.5          34300 
 47            34593 
 47.5          34533 
 48            33720 
 48.5          33241 
 49            32904 
 49.5          32512 
 50            32448 
 50.5          32273 
 51            32115 
 51.5          32306 
 52            32210 
 52.5          31789 
 53            31556 
 53.5          31314 
 54            31423 
 54.5          31530 
 55            31342 
 55.5          30805 
 56            30363 
 56.5          29907 
 57            29479 
 57.5          29056 
 58            28763 
 58.5          28429 
 59            28657 
 59.5          28623 
 60            28597 
 60            28597 
