 10.5          32544 
 11            33082 
 11.5          33900 
 12            34423 
 12.5          35266 
 13            35135 
 13.5          34221 
 14            33789 
 14.5          33241 
 15            34092 
 15.5          37112 
 16            39405 
 16.5          41040 
 17            41818 
 17.5          42981 
 18            44144 
 18.5          43908 
 19            44172 
 19.5          44105 
 20            44683 
 20.5          47787 
 21            50529 
 21.5          53643 
 22            55493 
 22.5          57662 
 23            60780 
 23.5          67213 
 24            76778 
 24.5          85721 
 25            94292 
 25.5          106091 
 26            120399 
 26.5          140711 
 27            159652 
 27.5          178501 
 28            190531 
 28.5          201778 
 29            197293 
 29.5          176683 
 30            143012 
 30.5          112988 
 31            96420 
 31.5          93163 
 32            95382 
 32.5          90894 
 33            82962 
 33.5          73600 
 34            67771 
 34.5          60530 
 35            56823 
 35.5          56023 
 36            55204 
 36.5          53248 
 37            50973 
 37.5          48697 
 38            46020 
 38.5          44876 
 39            43797 
 39.5          44470 
 40            43785 
 40.5          42811 
 41            41563 
 41.5          39850 
 42            38998 
 42.5          37726 
 43            36666 
 43.5          35590 
 44            34380 
 44.5          34715 
 45            35087 
 45.5          35928 
 46            36248 
 46.5          36708 
 47            36045 
 47.5          34970 
 48            33650 
 48.5          32818 
 49            32053 
 49.5          32403 
 50            32385 
 50.5          32241 
 51            31599 
 51.5          31137 
 52            31024 
 52.5          30646 
 53            30245 
 53.5          29901 
 54            29655 
 54.5          30164 
 55            29693 
 55.5          29667 
 56            29927 
 56.5          29796 
 57            29973 
 57.5          29944 
 58            29595 
 58.5          29266 
 59            29060 
 59.5          29015 
 60            28563 
 60            28563 
