 10.5          36419 
 11            37138 
 11.5          36795 
 12            36167 
 12.5          37048 
 13            37434 
 13.5          38471 
 14            39299 
 14.5          39999 
 15            41421 
 15.5          42613 
 16            43326 
 16.5          41845 
 17            41791 
 17.5          42725 
 18            44681 
 18.5          47539 
 19            51436 
 19.5          53089 
 20            50886 
 20.5          46873 
 21            45944 
 21.5          47736 
 22            51515 
 22.5          55142 
 23            58924 
 23.5          67482 
 24            77168 
 24.5          87230 
 25            94699 
 25.5          94653 
 26            89459 
 26.5          78461 
 27            71384 
 27.5          68045 
 28            66853 
 28.5          64445 
 29            62385 
 29.5          61416 
 30            61297 
 30.5          57684 
 31            52916 
 31.5          47835 
 32            44113 
 32.5          41275 
 33            40097 
 33.5          40065 
 34            40629 
 34.5          40810 
 35            40754 
 35.5          40225 
 36            40903 
 36.5          41658 
 37            41985 
 37.5          40093 
 38            38537 
 38.5          37039 
 39            36601 
 39.5          36150 
 40            35198 
 40.5          34357 
 41            34416 
 41.5          34879 
 42            35473 
 42.5          35774 
 43            36511 
 43.5          36510 
 44            36405 
 44.5          35981 
 45            36150 
 45.5          35956 
 46            34853 
 46.5          33835 
 47            33689 
 47.5          34081 
 48            34026 
 48.5          33857 
 49            33663 
 49.5          32779 
 50            32112 
 50.5          31838 
 51            32353 
 51.5          32990 
 52            32094 
 52.5          31084 
 53            30402 
 53.5          30255 
 54            30174 
 54.5          30436 
 55            30553 
 55.5          30575 
 56            30669 
 56.5          30038 
 57            29997 
 57.5          29690 
 58            30203 
 58.5          30529 
 59            30724 
 59.5          30707 
 60            30421 
 60            30421 
