 10.5          25239 
 11            25232 
 11.5          25117 
 12            24861 
 12.5          24872 
 13            25063 
 13.5          25232 
 14            25844 
 14.5          25684 
 15            25974 
 15.5          26513 
 16            26970 
 16.5          27550 
 17            27793 
 17.5          28637 
 18            28235 
 18.5          28278 
 19            28276 
 19.5          28646 
 20            29049 
 20.5          29180 
 21            28637 
 21.5          28201 
 22            28611 
 22.5          29024 
 23            29416 
 23.5          29893 
 24            31335 
 24.5          31796 
 25            31463 
 25.5          31115 
 26            31893 
 26.5          31763 
 27            31471 
 27.5          31854 
 28            32699 
 28.5          34957 
 29            37040 
 29.5          38014 
 30            37288 
 30.5          35170 
 31            33644 
 31.5          32641 
 32            32303 
 32.5          33276 
 33            33057 
 33.5          32539 
 34            31160 
 34.5          30056 
 35            29360 
 35.5          29099 
 36            29829 
 36.5          30242 
 37            30251 
 37.5          30386 
 38            30717 
 38.5          30115 
 39            29115 
 39.5          28726 
 40            28636 
 40.5          28365 
 41            28479 
 41.5          28340 
 42            28552 
 42.5          28179 
 43            28447 
 43.5          28667 
 44            28591 
 44.5          28858 
 45            29154 
 45.5          28766 
 46            28400 
 46.5          28218 
 47            28197 
 47.5          28093 
 48            27702 
 48.5          27799 
 49            27572 
 49.5          27669 
 50            27591 
 50.5          27532 
 51            27367 
 51.5          26933 
 52            26793 
 52.5          26405 
 53            26165 
 53.5          26125 
 54            26359 
 54.5          26297 
 55            26188 
 55.5          26072 
 56            25995 
 56.5          25773 
 57            25710 
 57.5          25406 
 58            25502 
 58.5          25521 
 59            25698 
 59.5          25823 
 60            25696 
 60            25696 
