 10.5          33595 
 11            34767 
 11.5          36793 
 12            39435 
 12.5          41263 
 13            41064 
 13.5          40427 
 14            38981 
 14.5          38854 
 15            40304 
 15.5          42834 
 16            45454 
 16.5          45195 
 17            44139 
 17.5          44346 
 18            46669 
 18.5          50228 
 19            54810 
 19.5          57508 
 20            59165 
 20.5          57036 
 21            55849 
 21.5          53934 
 22            53572 
 22.5          55935 
 23            60024 
 23.5          68096 
 24            77635 
 24.5          90800 
 25            96265 
 25.5          102763 
 26            101880 
 26.5          97263 
 27            93097 
 27.5          97288 
 28            109405 
 28.5          115699 
 29            111608 
 29.5          102666 
 30            95666 
 30.5          87632 
 31            78005 
 31.5          67105 
 32            60907 
 32.5          58201 
 33            60412 
 33.5          65169 
 34            68008 
 34.5          64666 
 35            57418 
 35.5          51548 
 36            48077 
 36.5          45572 
 37            43779 
 37.5          44169 
 38            45527 
 38.5          46034 
 39            45944 
 39.5          44956 
 40            43884 
 40.5          42141 
 41            40300 
 41.5          39411 
 42            38056 
 42.5          37335 
 43            36120 
 43.5          35773 
 44            35456 
 44.5          35872 
 45            36000 
 45.5          35940 
 46            35342 
 46.5          34659 
 47            33834 
 47.5          33264 
 48            32452 
 48.5          32447 
 49            32316 
 49.5          32159 
 50            31250 
 50.5          30822 
 51            30808 
 51.5          31150 
 52            31642 
 52.5          31569 
 53            31368 
 53.5          31019 
 54            30684 
 54.5          30758 
 55            30771 
 55.5          30828 
 56            30312 
 56.5          29894 
 57            29842 
 57.5          29873 
 58            30152 
 58.5          29660 
 59            29049 
 59.5          29213 
 60            29525 
 60            29525 
