 10.5          37414 
 11            37972 
 11.5          39397 
 12            41045 
 12.5          43071 
 13            43844 
 13.5          45553 
 14            46596 
 14.5          49174 
 15            50352 
 15.5          50552 
 16            53068 
 16.5          60395 
 17            70687 
 17.5          78167 
 18            80554 
 18.5          82458 
 19            84647 
 19.5          87753 
 20            92814 
 20.5          102405 
 21            121671 
 21.5          161889 
 22            209496 
 22.5          246204 
 23            241797 
 23.5          227286 
 24            202570 
 24.5          186089 
 25            161412 
 25.5          142386 
 26            125586 
 26.5          110419 
 27            96038 
 27.5          87063 
 28            80073 
 28.5          74171 
 29            66803 
 29.5          62024 
 30            59058 
 30.5          59250 
 31            59137 
 31.5          59637 
 32            58656 
 32.5          56801 
 33            54587 
 33.5          51570 
 34            48660 
 34.5          46865 
 35            45827 
 35.5          46078 
 36            45925 
 36.5          45430 
 37            44549 
 37.5          44837 
 38            45253 
 38.5          44343 
 39            43200 
 39.5          41398 
 40            41897 
 40.5          41341 
 41            41170 
 41.5          40054 
 42            39404 
 42.5          38719 
 43            37876 
 43.5          37175 
 44            36175 
 44.5          35501 
 45            34725 
 45.5          33976 
 46            34153 
 46.5          34257 
 47            34607 
 47.5          34238 
 48            33687 
 48.5          33164 
 49            32853 
 49.5          32725 
 50            32456 
 50.5          32263 
 51            32160 
 51.5          32297 
 52            32260 
 52.5          32057 
 53            31564 
 53.5          31271 
 54            31419 
 54.5          31492 
 55            31286 
 55.5          30688 
 56            30252 
 56.5          29803 
 57            29458 
 57.5          29015 
 58            28744 
 58.5          28535 
 59            28705 
 59.5          28633 
 60            28628 
 60            28628 
