 10.5          34058 
 11            34562 
 11.5          35645 
 12            36454 
 12.5          36809 
 13            36065 
 13.5          36169 
 14            36707 
 14.5          37151 
 15            37333 
 15.5          36934 
 16            38522 
 16.5          42525 
 17            47222 
 17.5          48929 
 18            49809 
 18.5          51252 
 19            62311 
 19.5          89241 
 20            129409 
 20.5          160392 
 21            161693 
 21.5          139935 
 22            114726 
 22.5          97748 
 23            90289 
 23.5          87315 
 24            89472 
 24.5          88493 
 25            93078 
 25.5          90068 
 26            85968 
 26.5          78484 
 27            77650 
 27.5          77756 
 28            71224 
 28.5          63969 
 29            59913 
 29.5          59518 
 30            57927 
 30.5          56657 
 31            54267 
 31.5          52135 
 32            49615 
 32.5          48499 
 33            49367 
 33.5          49077 
 34            49085 
 34.5          49978 
 35            52858 
 35.5          55084 
 36            54473 
 36.5          52892 
 37            51660 
 37.5          50598 
 38            49453 
 38.5          49214 
 39            51195 
 39.5          51916 
 40            49438 
 40.5          44574 
 41            41211 
 41.5          39048 
 42            38261 
 42.5          36968 
 43            35988 
 43.5          36474 
 44            37542 
 44.5          37625 
 45            35636 
 45.5          33857 
 46            32876 
 46.5          32893 
 47            32767 
 47.5          32185 
 48            32004 
 48.5          31631 
 49            31673 
 49.5          31249 
 50            31344 
 50.5          31055 
 51            31452 
 51.5          31963 
 52            32126 
 52.5          31419 
 53            30406 
 53.5          30206 
 54            29770 
 54.5          29602 
 55            29582 
 55.5          29873 
 56            29896 
 56.5          29937 
 57            29162 
 57.5          29011 
 58            28992 
 58.5          29031 
 59            29220 
 59.5          29030 
 60            29073 
 60            29073 
