 10.5          34599 
 11            36132 
 11.5          37867 
 12            39102 
 12.5          41066 
 13            42896 
 13.5          45699 
 14            47517 
 14.5          47191 
 15            47763 
 15.5          47017 
 16            47402 
 16.5          46168 
 17            46230 
 17.5          47046 
 18            50961 
 18.5          57414 
 19            65012 
 19.5          69994 
 20            70624 
 20.5          71832 
 21            76556 
 21.5          86928 
 22            96941 
 22.5          98760 
 23            96401 
 23.5          89959 
 24            90827 
 24.5          94530 
 25            101859 
 25.5          102307 
 26            100014 
 26.5          97666 
 27            97347 
 27.5          90245 
 28            82156 
 28.5          75580 
 29            75723 
 29.5          77525 
 30            74500 
 30.5          67521 
 31            59896 
 31.5          56355 
 32            55987 
 32.5          54881 
 33            55034 
 33.5          55884 
 34            56426 
 34.5          54867 
 35            52388 
 35.5          50129 
 36            48702 
 36.5          48348 
 37            47904 
 37.5          46428 
 38            47554 
 38.5          51641 
 39            55030 
 39.5          54411 
 40            51453 
 40.5          48773 
 41            46345 
 41.5          43725 
 42            40426 
 42.5          37536 
 43            36017 
 43.5          35894 
 44            35464 
 44.5          34874 
 45            34021 
 45.5          33260 
 46            32917 
 46.5          33216 
 47            33786 
 47.5          34274 
 48            33800 
 48.5          33092 
 49            31960 
 49.5          30977 
 50            30783 
 50.5          30732 
 51            31233 
 51.5          31548 
 52            31489 
 52.5          31186 
 53            30805 
 53.5          30354 
 54            30117 
 54.5          29723 
 55            29670 
 55.5          29489 
 56            29110 
 56.5          28931 
 57            29052 
 57.5          29272 
 58            29226 
 58.5          28791 
 59            28703 
 59.5          28525 
 60            28558 
 60            28558 
