 10.5          33518 
 11            34718 
 11.5          36764 
 12            39325 
 12.5          41203 
 13            41087 
 13.5          40128 
 14            38345 
 14.5          38386 
 15            39451 
 15.5          41840 
 16            44551 
 16.5          44605 
 17            43282 
 17.5          43353 
 18            45642 
 18.5          49222 
 19            54150 
 19.5          56746 
 20            57724 
 20.5          55438 
 21            54232 
 21.5          52526 
 22            52127 
 22.5          54294 
 23            58277 
 23.5          65403 
 24            74600 
 24.5          87135 
 25            94366 
 25.5          99728 
 26            98365 
 26.5          93330 
 27            89233 
 27.5          92941 
 28            105094 
 28.5          110783 
 29            106943 
 29.5          98349 
 30            91844 
 30.5          84105 
 31            74807 
 31.5          64435 
 32            58496 
 32.5          56456 
 33            58285 
 33.5          63112 
 34            66029 
 34.5          62995 
 35            55628 
 35.5          50855 
 36            47881 
 36.5          45594 
 37            43675 
 37.5          44021 
 38            45292 
 38.5          45880 
 39            46054 
 39.5          44933 
 40            44003 
 40.5          42298 
 41            40513 
 41.5          39312 
 42            38258 
 42.5          37543 
 43            36350 
 43.5          35928 
 44            35439 
 44.5          35761 
 45            35908 
 45.5          35925 
 46            35416 
 46.5          34629 
 47            33857 
 47.5          33198 
 48            32733 
 48.5          32497 
 49            32440 
 49.5          32368 
 50            31593 
 50.5          30852 
 51            30780 
 51.5          31138 
 52            31699 
 52.5          31550 
 53            31393 
 53.5          30773 
 54            30300 
 54.5          30357 
 55            30310 
 55.5          30383 
 56            29850 
 56.5          29691 
 57            29430 
 57.5          29523 
 58            29564 
 58.5          29045 
 59            28703 
 59.5          28761 
 60            29131 
 60            29131 
