 10.5          36734 
 11            37779 
 11.5          37883 
 12            37011 
 12.5          37632 
 13            38159 
 13.5          38983 
 14            39507 
 14.5          39961 
 15            41843 
 15.5          43227 
 16            44222 
 16.5          43242 
 17            42960 
 17.5          43519 
 18            45524 
 18.5          48328 
 19            52116 
 19.5          54192 
 20            52342 
 20.5          48406 
 21            47233 
 21.5          48758 
 22            52685 
 22.5          56428 
 23            60109 
 23.5          67924 
 24            77228 
 24.5          86856 
 25            94259 
 25.5          94344 
 26            89689 
 26.5          78898 
 27            71548 
 27.5          67855 
 28            67069 
 28.5          64274 
 29            62278 
 29.5          61255 
 30            61402 
 30.5          57945 
 31            53263 
 31.5          48157 
 32            44327 
 32.5          41228 
 33            40255 
 33.5          40164 
 34            40718 
 34.5          40847 
 35            40721 
 35.5          40215 
 36            40925 
 36.5          41748 
 37            42196 
 37.5          40308 
 38            38791 
 38.5          37225 
 39            36733 
 39.5          36301 
 40            35412 
 40.5          34782 
 41            34450 
 41.5          34880 
 42            35446 
 42.5          35748 
 43            36538 
 43.5          36516 
 44            36518 
 44.5          36190 
 45            36290 
 45.5          36028 
 46            34874 
 46.5          33821 
 47            33671 
 47.5          34026 
 48            34557 
 48.5          34406 
 49            34237 
 49.5          33629 
 50            32627 
 50.5          32277 
 51            32829 
 51.5          33147 
 52            32595 
 52.5          31643 
 53            30755 
 53.5          30678 
 54            30587 
 54.5          30800 
 55            30937 
 55.5          30729 
 56            30897 
 56.5          30716 
 57            30344 
 57.5          30030 
 58            30324 
 58.5          30551 
 59            30947 
 59.5          30599 
 60            30298 
 60            30298 
