 10.5          33344 
 11            33537 
 11.5          32686 
 12            31759 
 12.5          32437 
 13            32878 
 13.5          33820 
 14            33656 
 14.5          33124 
 15            32460 
 15.5          31967 
 16            31922 
 16.5          33240 
 17            35234 
 17.5          36922 
 18            36929 
 18.5          35622 
 19            35207 
 19.5          37231 
 20            39547 
 20.5          41401 
 21            41479 
 21.5          41575 
 22            42213 
 22.5          44502 
 23            46671 
 23.5          48994 
 24            49397 
 24.5          48117 
 25            48321 
 25.5          48990 
 26            51537 
 26.5          51710 
 27            51486 
 27.5          52073 
 28            53599 
 28.5          55584 
 29            57061 
 29.5          60435 
 30            65266 
 30.5          72754 
 31            89370 
 31.5          99596 
 32            102509 
 32.5          95721 
 33            95481 
 33.5          106925 
 34            124179 
 34.5          128386 
 35            114364 
 35.5          90165 
 36            74775 
 36.5          66301 
 37            62793 
 37.5          61089 
 38            59507 
 38.5          54773 
 39            50144 
 39.5          45076 
 40            43113 
 40.5          41924 
 41            41013 
 41.5          40630 
 42            40342 
 42.5          39937 
 43            39795 
 43.5          41175 
 44            42210 
 44.5          41371 
 45            38942 
 45.5          38368 
 46            38138 
 46.5          38042 
 47            37330 
 47.5          36699 
 48            35415 
 48.5          34186 
 49            34125 
 49.5          34253 
 50            33902 
 50.5          33048 
 51            31867 
 51.5          31609 
 52            31194 
 52.5          31345 
 53            31606 
 53.5          32015 
 54            32579 
 54.5          33006 
 55            33524 
 55.5          33152 
 56            32014 
 56.5          31104 
 57            30704 
 57.5          30837 
 58            31031 
 58.5          30755 
 59            30265 
 59.5          29548 
 60            29054 
 60            29054 
