 10.5          32820 
 11            32992 
 11.5          32158 
 12            31376 
 12.5          31863 
 13            32481 
 13.5          33283 
 14            33063 
 14.5          32599 
 15            31794 
 15.5          31723 
 16            31333 
 16.5          32436 
 17            35071 
 17.5          36332 
 18            36321 
 18.5          34782 
 19            34638 
 19.5          36838 
 20            38905 
 20.5          40778 
 21            40698 
 21.5          40729 
 22            41281 
 22.5          43576 
 23            45851 
 23.5          47948 
 24            47913 
 24.5          46715 
 25            47295 
 25.5          48375 
 26            50287 
 26.5          50245 
 27            50127 
 27.5          50875 
 28            52520 
 28.5          54383 
 29            55717 
 29.5          58951 
 30            63739 
 30.5          71407 
 31            87342 
 31.5          97198 
 32            98095 
 32.5          91906 
 33            92119 
 33.5          104508 
 34            122295 
 34.5          125006 
 35            109141 
 35.5          85840 
 36            71938 
 36.5          63710 
 37            60994 
 37.5          59846 
 38            57659 
 38.5          53230 
 39            48687 
 39.5          43937 
 40            42136 
 40.5          40947 
 41            40279 
 41.5          39713 
 42            39544 
 42.5          39078 
 43            38837 
 43.5          40456 
 44            41347 
 44.5          40403 
 45            37977 
 45.5          37452 
 46            37277 
 46.5          37285 
 47            36733 
 47.5          35980 
 48            34593 
 48.5          33734 
 49            33295 
 49.5          33855 
 50            33436 
 50.5          32505 
 51            31458 
 51.5          31040 
 52            30860 
 52.5          30953 
 53            31214 
 53.5          31590 
 54            32115 
 54.5          32653 
 55            32841 
 55.5          32681 
 56            31532 
 56.5          30567 
 57            30289 
 57.5          30461 
 58            30748 
 58.5          30339 
 59            29879 
 59.5          29123 
 60            28707 
 60            28707 
