 10.5          32539 
 11            32482 
 11.5          31612 
 12            30709 
 12.5          31461 
 13            31938 
 13.5          32940 
 14            32519 
 14.5          32328 
 15            31520 
 15.5          31230 
 16            31202 
 16.5          32290 
 17            34568 
 17.5          36107 
 18            35912 
 18.5          34733 
 19            34699 
 19.5          36938 
 20            39183 
 20.5          40833 
 21            40460 
 21.5          40643 
 22            41188 
 22.5          43985 
 23            46062 
 23.5          47924 
 24            47561 
 24.5          46842 
 25            47600 
 25.5          48516 
 26            50780 
 26.5          50679 
 27            50191 
 27.5          50434 
 28            52434 
 28.5          54649 
 29            56500 
 29.5          60486 
 30            65148 
 30.5          73805 
 31            89243 
 31.5          98899 
 32            98678 
 32.5          92960 
 33            93600 
 33.5          104229 
 34            117583 
 34.5          117694 
 35            102446 
 35.5          82040 
 36            69631 
 36.5          62858 
 37            60805 
 37.5          60122 
 38            57902 
 38.5          52990 
 39            48228 
 39.5          43384 
 40            41860 
 40.5          40913 
 41            40184 
 41.5          39660 
 42            39193 
 42.5          38544 
 43            38599 
 43.5          40290 
 44            41394 
 44.5          40150 
 45            37822 
 45.5          37297 
 46            37019 
 46.5          36974 
 47            36218 
 47.5          35524 
 48            34136 
 48.5          33076 
 49            33312 
 49.5          33417 
 50            33195 
 50.5          32086 
 51            31135 
 51.5          30801 
 52            30539 
 52.5          30893 
 53            30870 
 53.5          31415 
 54            31791 
 54.5          32332 
 55            32703 
 55.5          32364 
 56            31376 
 56.5          30396 
 57            30115 
 57.5          30337 
 58            30409 
 58.5          30215 
 59            29613 
 59.5          28938 
 60            28596 
 60            28596 
