 10.5          33106 
 11            33231 
 11.5          32375 
 12            31250 
 12.5          32089 
 13            32648 
 13.5          33640 
 14            33414 
 14.5          33276 
 15            32491 
 15.5          31769 
 16            31996 
 16.5          32951 
 17            35308 
 17.5          36723 
 18            36709 
 18.5          35437 
 19            35263 
 19.5          37593 
 20            39766 
 20.5          41621 
 21            41308 
 21.5          41553 
 22            42083 
 22.5          44589 
 23            47015 
 23.5          49380 
 24            48978 
 24.5          47881 
 25            48418 
 25.5          49348 
 26            51640 
 26.5          51548 
 27            51203 
 27.5          51991 
 28            53880 
 28.5          55755 
 29            57299 
 29.5          60740 
 30            65501 
 30.5          74293 
 31            90389 
 31.5          100168 
 32            101851 
 32.5          95663 
 33            95912 
 33.5          107651 
 34            123165 
 34.5          124668 
 35            109695 
 35.5          86962 
 36            73184 
 36.5          65366 
 37            62493 
 37.5          61260 
 38            59358 
 38.5          54183 
 39            49831 
 39.5          44907 
 40            42972 
 40.5          41973 
 41            40993 
 41.5          40642 
 42            40076 
 42.5          39702 
 43            39743 
 43.5          41299 
 44            42358 
 44.5          40978 
 45            39002 
 45.5          38312 
 46            37940 
 46.5          38039 
 47            37254 
 47.5          36543 
 48            35039 
 48.5          33896 
 49            34098 
 49.5          34235 
 50            34003 
 50.5          32820 
 51            31773 
 51.5          31434 
 52            31102 
 52.5          31422 
 53            31459 
 53.5          32046 
 54            32483 
 54.5          32985 
 55            33527 
 55.5          32943 
 56            31975 
 56.5          30937 
 57            30657 
 57.5          30863 
 58            30996 
 58.5          30793 
 59            30138 
 59.5          29206 
 60            29032 
 60            29032 
