 10.5          33581 
 11            33788 
 11.5          32673 
 12            32240 
 12.5          32673 
 13            33182 
 13.5          34002 
 14            33702 
 14.5          33150 
 15            32407 
 15.5          32162 
 16            32108 
 16.5          33493 
 17            35766 
 17.5          36882 
 18            37006 
 18.5          35437 
 19            35560 
 19.5          37737 
 20            39952 
 20.5          41697 
 21            41239 
 21.5          41682 
 22            42042 
 22.5          45003 
 23            47114 
 23.5          49487 
 24            48898 
 24.5          47932 
 25            48435 
 25.5          49507 
 26            51595 
 26.5          51322 
 27            51253 
 27.5          52505 
 28            54386 
 28.5          55967 
 29            57293 
 29.5          60864 
 30            66015 
 30.5          75670 
 31            90982 
 31.5          100170 
 32            100124 
 32.5          94379 
 33            96284 
 33.5          110819 
 34            126314 
 34.5          126228 
 35            109127 
 35.5          85899 
 36            72508 
 36.5          65106 
 37            62227 
 37.5          61172 
 38            58551 
 38.5          53788 
 39            49470 
 39.5          44853 
 40            43033 
 40.5          41828 
 41            40985 
 41.5          40802 
 42            40604 
 42.5          40106 
 43            40146 
 43.5          41536 
 44            42019 
 44.5          40760 
 45            38585 
 45.5          38245 
 46            38134 
 46.5          37859 
 47            37199 
 47.5          36478 
 48            35299 
 48.5          34166 
 49            34326 
 49.5          34379 
 50            33979 
 50.5          32952 
 51            31911 
 51.5          31629 
 52            31289 
 52.5          31738 
 53            31662 
 53.5          32189 
 54            32694 
 54.5          33212 
 55            33412 
 55.5          33243 
 56            31883 
 56.5          30992 
 57            30706 
 57.5          30965 
 58            31089 
 58.5          30666 
 59            30123 
 59.5          29465 
 60            29421 
 60            29421 
