 10.5          32837 
 11            33000 
 11.5          32143 
 12            31265 
 12.5          31900 
 13            32484 
 13.5          33510 
 14            33286 
 14.5          32964 
 15            32231 
 15.5          31655 
 16            31660 
 16.5          32821 
 17            35240 
 17.5          36696 
 18            36671 
 18.5          35345 
 19            35123 
 19.5          37250 
 20            39507 
 20.5          41531 
 21            41465 
 21.5          41687 
 22            42013 
 22.5          44761 
 23            46622 
 23.5          48404 
 24            48580 
 24.5          47941 
 25            48556 
 25.5          49268 
 26            51268 
 26.5          51016 
 27            50906 
 27.5          51679 
 28            53341 
 28.5          55383 
 29            57307 
 29.5          60979 
 30            65668 
 30.5          74955 
 31            91055 
 31.5          100646 
 32            101970 
 32.5          95603 
 33            96445 
 33.5          107915 
 34            124686 
 34.5          126894 
 35            111032 
 35.5          87205 
 36            72828 
 36.5          65631 
 37            63197 
 37.5          62353 
 38            60190 
 38.5          54777 
 39            50105 
 39.5          45279 
 40            42996 
 40.5          41670 
 41            40883 
 41.5          40422 
 42            39878 
 42.5          39562 
 43            39587 
 43.5          41409 
 44            42645 
 44.5          41550 
 45            39249 
 45.5          38463 
 46            38063 
 46.5          38039 
 47            37221 
 47.5          36541 
 48            35023 
 48.5          33948 
 49            34094 
 49.5          34215 
 50            33989 
 50.5          32811 
 51            31739 
 51.5          31420 
 52            31075 
 52.5          31703 
 53            31546 
 53.5          32087 
 54            32435 
 54.5          32982 
 55            33284 
 55.5          32978 
 56            32034 
 56.5          30986 
 57            30672 
 57.5          30860 
 58            31007 
 58.5          30843 
 59            30229 
 59.5          29551 
 60            29050 
 60            29050 
