 10.5          33559 
 11            33457 
 11.5          32726 
 12            31991 
 12.5          32685 
 13            33112 
 13.5          34067 
 14            33780 
 14.5          32772 
 15            32351 
 15.5          31913 
 16            32189 
 16.5          33513 
 17            35886 
 17.5          37155 
 18            36837 
 18.5          35486 
 19            35532 
 19.5          37978 
 20            40149 
 20.5          41781 
 21            41380 
 21.5          41631 
 22            42201 
 22.5          45064 
 23            47116 
 23.5          49505 
 24            48884 
 24.5          48014 
 25            48320 
 25.5          49589 
 26            51616 
 26.5          51130 
 27            51182 
 27.5          52154 
 28            54218 
 28.5          55854 
 29            57569 
 29.5          61320 
 30            66252 
 30.5          76631 
 31            92150 
 31.5          101147 
 32            100847 
 32.5          94849 
 33            97041 
 33.5          111332 
 34            126297 
 34.5          125689 
 35            108228 
 35.5          85549 
 36            72151 
 36.5          64968 
 37            62268 
 37.5          61148 
 38            58669 
 38.5          53527 
 39            49247 
 39.5          44532 
 40            43241 
 40.5          41785 
 41            41080 
 41.5          40684 
 42            40258 
 42.5          39876 
 43            40042 
 43.5          41559 
 44            42200 
 44.5          40718 
 45            38718 
 45.5          38241 
 46            37968 
 46.5          37945 
 47            37215 
 47.5          36451 
 48            35058 
 48.5          33979 
 49            34278 
 49.5          34206 
 50            33920 
 50.5          32692 
 51            31784 
 51.5          31517 
 52            31002 
 52.5          31613 
 53            31614 
 53.5          32267 
 54            32689 
 54.5          33227 
 55            33463 
 55.5          32972 
 56            31910 
 56.5          30929 
 57            30718 
 57.5          31219 
 58            31034 
 58.5          30754 
 59            30120 
 59.5          29519 
 60            29096 
 60            29096 
