 10.5          31062 
 11            31579 
 11.5          33106 
 12            34285 
 12.5          34415 
 13            34264 
 13.5          34568 
 14            36605 
 14.5          37502 
 15            38313 
 15.5          38626 
 16            39035 
 16.5          39071 
 17            39251 
 17.5          40417 
 18            41562 
 18.5          42421 
 19            43898 
 19.5          45973 
 20            47609 
 20.5          49504 
 21            51823 
 21.5          58054 
 22            59710 
 22.5          57547 
 23            54893 
 23.5          60656 
 24            70119 
 24.5          80378 
 25            89459 
 25.5          111757 
 26            134355 
 26.5          165449 
 27            191816 
 27.5          210549 
 28            211625 
 28.5          192194 
 29            167605 
 29.5          142686 
 30            124381 
 30.5          111786 
 31            102288 
 31.5          96015 
 32            88924 
 32.5          81441 
 33            71654 
 33.5          64296 
 34            57135 
 34.5          51763 
 35            49052 
 35.5          49441 
 36            48986 
 36.5          47222 
 37            44548 
 37.5          42940 
 38            43288 
 38.5          43660 
 39            43406 
 39.5          41270 
 40            40101 
 40.5          39385 
 41            38801 
 41.5          37168 
 42            36052 
 42.5          35661 
 43            35563 
 43.5          35385 
 44            35460 
 44.5          35296 
 45            34397 
 45.5          34045 
 46            33762 
 46.5          33931 
 47            34220 
 47.5          35059 
 48            34904 
 48.5          33984 
 49            32582 
 49.5          31798 
 50            31065 
 50.5          30686 
 51            31227 
 51.5          32084 
 52            32652 
 52.5          32178 
 53            31629 
 53.5          31410 
 54            31096 
 54.5          30667 
 55            30036 
 55.5          29974 
 56            30138 
 56.5          30084 
 57            29996 
 57.5          29846 
 58            29974 
 58.5          29909 
 59            30602 
 59.5          31052 
 60            31084 
 60            31084 
