 10.5          35150 
 11            34105 
 11.5          32616 
 12            32424 
 12.5          33350 
 13            34957 
 13.5          36684 
 14            37871 
 14.5          37647 
 15            36961 
 15.5          36961 
 16            37225 
 16.5          38547 
 17            38661 
 17.5          39031 
 18            38499 
 18.5          38680 
 19            38727 
 19.5          40155 
 20            41543 
 20.5          42001 
 21            40992 
 21.5          40571 
 22            42529 
 22.5          46362 
 23            51973 
 23.5          56033 
 24            62945 
 24.5          72578 
 25            77859 
 25.5          76877 
 26            72929 
 26.5          73294 
 27            81706 
 27.5          90202 
 28            94624 
 28.5          91890 
 29            92325 
 29.5          98557 
 30            98433 
 30.5          88399 
 31            75857 
 31.5          70368 
 32            68019 
 32.5          67044 
 33            66389 
 33.5          66434 
 34            63555 
 34.5          56845 
 35            51796 
 35.5          48976 
 36            49009 
 36.5          49559 
 37            48680 
 37.5          46686 
 38            43798 
 38.5          41214 
 39            40338 
 39.5          40616 
 40            41378 
 40.5          41322 
 41            39553 
 41.5          37146 
 42            35859 
 42.5          35182 
 43            35686 
 43.5          36840 
 44            37649 
 44.5          37557 
 45            36252 
 45.5          34995 
 46            33767 
 46.5          33324 
 47            32932 
 47.5          32829 
 48            32389 
 48.5          32064 
 49            31939 
 49.5          31969 
 50            31619 
 50.5          31433 
 51            31290 
 51.5          31985 
 52            31857 
 52.5          31861 
 53            31814 
 53.5          32032 
 54            32290 
 54.5          32232 
 55            31986 
 55.5          31177 
 56            30786 
 56.5          30258 
 57            30106 
 57.5          30015 
 58            29791 
 58.5          29489 
 59            28941 
 59.5          28972 
 60            29161 
 60            29161 
