 10.5          37407 
 11            39420 
 11.5          39362 
 12            38747 
 12.5          37527 
 13            37768 
 13.5          39185 
 14            39500 
 14.5          39684 
 15            39669 
 15.5          41113 
 16            42134 
 16.5          43117 
 17            44663 
 17.5          45558 
 18            47201 
 18.5          48616 
 19            49411 
 19.5          49635 
 20            48624 
 20.5          48734 
 21            49385 
 21.5          49321 
 22            52013 
 22.5          57089 
 23            62017 
 23.5          61286 
 24            59666 
 24.5          62160 
 25            64192 
 25.5          63624 
 26            57304 
 26.5          55386 
 27            61632 
 27.5          70317 
 28            75912 
 28.5          74859 
 29            76716 
 29.5          81594 
 30            86050 
 30.5          90150 
 31            88185 
 31.5          82650 
 32            71949 
 32.5          62889 
 33            55679 
 33.5          51327 
 34            52836 
 34.5          55696 
 35            56584 
 35.5          55178 
 36            53859 
 36.5          53541 
 37            51131 
 37.5          48979 
 38            45653 
 38.5          43119 
 39            42365 
 39.5          42852 
 40            42969 
 40.5          41714 
 41            39491 
 41.5          38292 
 42            36767 
 42.5          36559 
 43            37038 
 43.5          38017 
 44            37811 
 44.5          35911 
 45            34273 
 45.5          32981 
 46            32796 
 46.5          33777 
 47            34051 
 47.5          34307 
 48            33361 
 48.5          32384 
 49            31348 
 49.5          30723 
 50            31093 
 50.5          30985 
 51            30984 
 51.5          30599 
 52            30570 
 52.5          30694 
 53            30671 
 53.5          30502 
 54            30014 
 54.5          29827 
 55            29903 
 55.5          29964 
 56            29925 
 56.5          29454 
 57            29134 
 57.5          29246 
 58            29365 
 58.5          29462 
 59            29114 
 59.5          28935 
 60            28715 
 60            28715 
