 10.5          29336 
 11            29901 
 11.5          29633 
 12            29416 
 12.5          29637 
 13            30680 
 13.5          31766 
 14            31663 
 14.5          31605 
 15            32977 
 15.5          34507 
 16            34541 
 16.5          33805 
 17            33997 
 17.5          34214 
 18            35269 
 18.5          35838 
 19            36182 
 19.5          36083 
 20            35720 
 20.5          35130 
 21            34756 
 21.5          35539 
 22            37618 
 22.5          41177 
 23            44163 
 23.5          46161 
 24            44856 
 24.5          42410 
 25            41261 
 25.5          41478 
 26            43192 
 26.5          46347 
 27            49432 
 27.5          51344 
 28            51023 
 28.5          52226 
 29            52779 
 29.5          54566 
 30            56460 
 30.5          57628 
 31            60924 
 31.5          64993 
 32            74094 
 32.5          81133 
 33            81706 
 33.5          74141 
 34            66038 
 34.5          63922 
 35            65389 
 35.5          64597 
 36            60583 
 36.5          57426 
 37            55947 
 37.5          54995 
 38            55716 
 38.5          56312 
 39            55776 
 39.5          55713 
 40            56697 
 40.5          55849 
 41            53800 
 41.5          50048 
 42            47539 
 42.5          44085 
 43            41567 
 43.5          39779 
 44            39475 
 44.5          40454 
 45            41068 
 45.5          41842 
 46            42113 
 46.5          42244 
 47            42175 
 47.5          41344 
 48            40042 
 48.5          38965 
 49            38451 
 49.5          38367 
 50            36866 
 50.5          36330 
 51            36498 
 51.5          36808 
 52            36551 
 52.5          35013 
 53            34039 
 53.5          33533 
 54            32824 
 54.5          32434 
 55            32599 
 55.5          33084 
 56            33143 
 56.5          32962 
 57            32371 
 57.5          31984 
 58            31970 
 58.5          32754 
 59            32996 
 59.5          33222 
 60            33558 
 60            33558 
