 10.5          38095 
 11            38089 
 11.5          39209 
 12            40929 
 12.5          43368 
 13            44850 
 13.5          46520 
 14            47526 
 14.5          49167 
 15            52130 
 15.5          55864 
 16            59373 
 16.5          59057 
 17            56465 
 17.5          54861 
 18            56316 
 18.5          59479 
 19            61977 
 19.5          65466 
 20            63336 
 20.5          62263 
 21            62623 
 21.5          69664 
 22            74867 
 22.5          77030 
 23            75719 
 23.5          72856 
 24            71229 
 24.5          68257 
 25            65431 
 25.5          66935 
 26            77755 
 26.5          88673 
 27            94609 
 27.5          91364 
 28            84061 
 28.5          72154 
 29            60565 
 29.5          53113 
 30            49056 
 30.5          46618 
 31            43748 
 31.5          42556 
 32            42274 
 32.5          44173 
 33            44803 
 33.5          45535 
 34            44630 
 34.5          44152 
 35            42872 
 35.5          41053 
 36            38475 
 36.5          36002 
 37            34590 
 37.5          35319 
 38            36060 
 38.5          35926 
 39            35951 
 39.5          35996 
 40            36032 
 40.5          34571 
 41            34108 
 41.5          33203 
 42            34037 
 42.5          34370 
 43            35216 
 43.5          35295 
 44            35272 
 44.5          35840 
 45            37045 
 45.5          37677 
 46            37662 
 46.5          36925 
 47            36564 
 47.5          35644 
 48            34542 
 48.5          33636 
 49            32675 
 49.5          32178 
 50            32403 
 50.5          32957 
 51            33121 
 51.5          32367 
 52            31825 
 52.5          31976 
 53            32072 
 53.5          32344 
 54            32003 
 54.5          31932 
 55            31154 
 55.5          30719 
 56            29824 
 56.5          29567 
 57            29626 
 57.5          30276 
 58            30876 
 58.5          30764 
 59            30188 
 59.5          29851 
 60            29877 
 60            29877 
