 10.5          32183 
 11            32124 
 11.5          31038 
 12            31721 
 12.5          33334 
 13            35299 
 13.5          35743 
 14            34706 
 14.5          34353 
 15            34741 
 15.5          35870 
 16            36905 
 16.5          38134 
 17            38443 
 17.5          38809 
 18            39908 
 18.5          40611 
 19            40453 
 19.5          40114 
 20            41287 
 20.5          43008 
 21            43463 
 21.5          43412 
 22            42879 
 22.5          41781 
 23            40166 
 23.5          39122 
 24            39612 
 24.5          40822 
 25            43344 
 25.5          47916 
 26            53046 
 26.5          55731 
 27            54612 
 27.5          50187 
 28            48018 
 28.5          50262 
 29            56298 
 29.5          67833 
 30            81028 
 30.5          91763 
 31            88161 
 31.5          77020 
 32            63478 
 32.5          57009 
 33            51564 
 33.5          48666 
 34            44280 
 34.5          40968 
 35            39385 
 35.5          38848 
 36            38673 
 36.5          37697 
 37            36884 
 37.5          36035 
 38            35376 
 38.5          36200 
 39            37876 
 39.5          39271 
 40            38734 
 40.5          37253 
 41            35913 
 41.5          35104 
 42            34752 
 42.5          34347 
 43            34559 
 43.5          34155 
 44            33706 
 44.5          33084 
 45            32909 
 45.5          32664 
 46            32557 
 46.5          32191 
 47            31678 
 47.5          30950 
 48            30661 
 48.5          30514 
 49            30942 
 49.5          30789 
 50            30749 
 50.5          30824 
 51            30242 
 51.5          29607 
 52            28824 
 52.5          28175 
 53            27994 
 53.5          27784 
 54            27909 
 54.5          27426 
 55            27110 
 55.5          26908 
 56            26883 
 56.5          27044 
 57            26856 
 57.5          27125 
 58            27260 
 58.5          27764 
 59            28467 
 59.5          28679 
 60            29473 
 60            29473 
