 10.5          32390 
 11            32734 
 11.5          31809 
 12            32222 
 12.5          33971 
 13            36444 
 13.5          37017 
 14            35900 
 14.5          35208 
 15            35452 
 15.5          36473 
 16            37515 
 16.5          38849 
 17            39461 
 17.5          39508 
 18            39805 
 18.5          39687 
 19            39677 
 19.5          39597 
 20            41400 
 20.5          43494 
 21            43927 
 21.5          43658 
 22            43024 
 22.5          42534 
 23            41398 
 23.5          40020 
 24            40325 
 24.5          42475 
 25            47598 
 25.5          55655 
 26            62036 
 26.5          63244 
 27            58751 
 27.5          52057 
 28            48304 
 28.5          50132 
 29            53936 
 29.5          62185 
 30            74015 
 30.5          86213 
 31            85208 
 31.5          75390 
 32            61809 
 32.5          55767 
 33            50366 
 33.5          47832 
 34            43577 
 34.5          40759 
 35            39333 
 35.5          39027 
 36            38793 
 36.5          37691 
 37            36782 
 37.5          35702 
 38            35310 
 38.5          35858 
 39            37173 
 39.5          38738 
 40            38176 
 40.5          36841 
 41            35381 
 41.5          34389 
 42            33932 
 42.5          33601 
 43            33683 
 43.5          33769 
 44            33530 
 44.5          32720 
 45            32519 
 45.5          32392 
 46            32335 
 46.5          32157 
 47            31720 
 47.5          31126 
 48            30842 
 48.5          30629 
 49            30851 
 49.5          30942 
 50            30999 
 50.5          31189 
 51            31125 
 51.5          31062 
 52            30590 
 52.5          30347 
 53            30381 
 53.5          30399 
 54            30947 
 54.5          30376 
 55            30438 
 55.5          30201 
 56            30021 
 56.5          29699 
 57            29583 
 57.5          29367 
 58            29308 
 58.5          29217 
 59            29508 
 59.5          29948 
 60            30059 
 60            30059 
