 10.5          30425 
 11            31006 
 11.5          30386 
 12            31041 
 12.5          32956 
 13            35096 
 13.5          35632 
 14            34392 
 14.5          33979 
 15            34193 
 15.5          35296 
 16            36493 
 16.5          37611 
 17            38164 
 17.5          38561 
 18            39742 
 18.5          40453 
 19            40332 
 19.5          39961 
 20            41274 
 20.5          43106 
 21            43630 
 21.5          43567 
 22            42915 
 22.5          41936 
 23            40266 
 23.5          39046 
 24            39544 
 24.5          40666 
 25            43068 
 25.5          47343 
 26            52392 
 26.5          55187 
 27            54386 
 27.5          50389 
 28            47901 
 28.5          50084 
 29            55751 
 29.5          67812 
 30            81700 
 30.5          93412 
 31            89989 
 31.5          78434 
 32            64318 
 32.5          57616 
 33            52220 
 33.5          49018 
 34            44346 
 34.5          41147 
 35            39470 
 35.5          38993 
 36            38745 
 36.5          37726 
 37            36992 
 37.5          35857 
 38            35446 
 38.5          36278 
 39            37708 
 39.5          39381 
 40            38797 
 40.5          37336 
 41            35933 
 41.5          35323 
 42            34715 
 42.5          34530 
 43            34554 
 43.5          34069 
 44            33686 
 44.5          33066 
 45            32843 
 45.5          32756 
 46            32540 
 46.5          32237 
 47            31467 
 47.5          30518 
 48            30264 
 48.5          30448 
 49            30486 
 49.5          30696 
 50            30885 
 50.5          31069 
 51            30796 
 51.5          30570 
 52            29916 
 52.5          29607 
 53            29674 
 53.5          29707 
 54            30015 
 54.5          29786 
 55            29561 
 55.5          29376 
 56            29465 
 56.5          29191 
 57            28933 
 57.5          29149 
 58            29166 
 58.5          29438 
 59            29315 
 59.5          29377 
 60            29773 
 60            29773 
