 10.5          36020 
 11            35462 
 11.5          35121 
 12            34338 
 12.5          33729 
 13            33460 
 13.5          33029 
 14            32300 
 14.5          32389 
 15            35125 
 15.5          37485 
 16            40167 
 16.5          39671 
 17            39178 
 17.5          38828 
 18            41702 
 18.5          45641 
 19            49123 
 19.5          51487 
 20            52479 
 20.5          53785 
 21            54813 
 21.5          56689 
 22            56655 
 22.5          53693 
 23            48909 
 23.5          47160 
 24            50503 
 24.5          60050 
 25            72898 
 25.5          79051 
 26            76768 
 26.5          72189 
 27            69455 
 27.5          72811 
 28            77404 
 28.5          81152 
 29            80515 
 29.5          75245 
 30            70972 
 30.5          64488 
 31            57432 
 31.5          54862 
 32            59398 
 32.5          63587 
 33            61324 
 33.5          56876 
 34            51754 
 34.5          47940 
 35            44088 
 35.5          41589 
 36            39573 
 36.5          37903 
 37            36958 
 37.5          36047 
 38            35234 
 38.5          34291 
 39            34793 
 39.5          35263 
 40            35632 
 40.5          35300 
 41            34593 
 41.5          35216 
 42            35770 
 42.5          35458 
 43            34880 
 43.5          34852 
 44            34869 
 44.5          33936 
 45            32798 
 45.5          32326 
 46            32828 
 46.5          33095 
 47            32715 
 47.5          32053 
 48            31724 
 48.5          31771 
 49            32347 
 49.5          33264 
 50            33167 
 50.5          32874 
 51            32534 
 51.5          32783 
 52            32926 
 52.5          33104 
 53            32734 
 53.5          32358 
 54            31663 
 54.5          30996 
 55            30704 
 55.5          30377 
 56            30625 
 56.5          31165 
 57            31227 
 57.5          30546 
 58            30131 
 58.5          30014 
 59            29796 
 59.5          29721 
 60            29588 
 60            29588 
