 10.5          36880 
 11            36211 
 11.5          35711 
 12            35080 
 12.5          34393 
 13            34191 
 13.5          33694 
 14            32893 
 14.5          33046 
 15            35702 
 15.5          38049 
 16            40183 
 16.5          39950 
 17            39455 
 17.5          38943 
 18            42075 
 18.5          45780 
 19            49176 
 19.5          51684 
 20            52943 
 20.5          54108 
 21            55164 
 21.5          57235 
 22            57016 
 22.5          53908 
 23            49205 
 23.5          47156 
 24            50855 
 24.5          60204 
 25            73163 
 25.5          78570 
 26            75934 
 26.5          71525 
 27            69299 
 27.5          73164 
 28            77714 
 28.5          81457 
 29            80385 
 29.5          74551 
 30            70106 
 30.5          63604 
 31            57028 
 31.5          54920 
 32            59799 
 32.5          63685 
 33            61165 
 33.5          56690 
 34            51952 
 34.5          47904 
 35            44166 
 35.5          41588 
 36            39732 
 36.5          38110 
 37            37080 
 37.5          36022 
 38            35212 
 38.5          34366 
 39            34438 
 39.5          35360 
 40            35532 
 40.5          35031 
 41            34675 
 41.5          35145 
 42            35790 
 42.5          35285 
 43            34919 
 43.5          34798 
 44            34730 
 44.5          33921 
 45            32610 
 45.5          32424 
 46            32752 
 46.5          33082 
 47            32996 
 47.5          32012 
 48            31824 
 48.5          31664 
 49            32299 
 49.5          33127 
 50            33027 
 50.5          32874 
 51            32347 
 51.5          32731 
 52            32836 
 52.5          32986 
 53            32741 
 53.5          32164 
 54            31659 
 54.5          31132 
 55            30693 
 55.5          30408 
 56            30645 
 56.5          31241 
 57            31108 
 57.5          30615 
 58            30025 
 58.5          29943 
 59            29866 
 59.5          29643 
 60            29659 
 60            29659 
