 10.5          32309 
 11            33614 
 11.5          35349 
 12            36915 
 12.5          37301 
 13            36669 
 13.5          36641 
 14            36511 
 14.5          37365 
 15            37689 
 15.5          38812 
 16            40137 
 16.5          42073 
 17            44285 
 17.5          45540 
 18            46368 
 18.5          50101 
 19            56023 
 19.5          61702 
 20            65129 
 20.5          69255 
 21            74281 
 21.5          77405 
 22            85544 
 22.5          94168 
 23            102670 
 23.5          97933 
 24            89843 
 24.5          84039 
 25            82823 
 25.5          83647 
 26            79350 
 26.5          72711 
 27            66636 
 27.5          64452 
 28            63207 
 28.5          61406 
 29            61634 
 29.5          61055 
 30            60759 
 30.5          59252 
 31            56415 
 31.5          53883 
 32            50683 
 32.5          48602 
 33            45905 
 33.5          44027 
 34            42437 
 34.5          41186 
 35            40310 
 35.5          41237 
 36            41693 
 36.5          41340 
 37            39590 
 37.5          38723 
 38            38601 
 38.5          38820 
 39            38872 
 39.5          38070 
 40            37751 
 40.5          37001 
 41            36494 
 41.5          35891 
 42            35973 
 42.5          35937 
 43            35002 
 43.5          33890 
 44            32601 
 44.5          31991 
 45            31858 
 45.5          32454 
 46            32687 
 46.5          32450 
 47            32135 
 47.5          32605 
 48            33618 
 48.5          34174 
 49            33831 
 49.5          33069 
 50            32986 
 50.5          32975 
 51            33038 
 51.5          33117 
 52            32973 
 52.5          32468 
 53            31667 
 53.5          30799 
 54            30414 
 54.5          30418 
 55            30509 
 55.5          30494 
 56            30700 
 56.5          30187 
 57            29935 
 57.5          29803 
 58            30038 
 58.5          29973 
 59            29898 
 59.5          29661 
 60            29284 
 60            29284 
