 10.5          31785 
 11            32801 
 11.5          34562 
 12            35738 
 12.5          36072 
 13            35619 
 13.5          35741 
 14            35665 
 14.5          36549 
 15            37055 
 15.5          38587 
 16            40007 
 16.5          42447 
 17            44305 
 17.5          44753 
 18            44901 
 18.5          46956 
 19            52588 
 19.5          57610 
 20            61632 
 20.5          65505 
 21            69796 
 21.5          72089 
 22            78192 
 22.5          86829 
 23            94315 
 23.5          88776 
 24            79594 
 24.5          75820 
 25            77154 
 25.5          79519 
 26            76276 
 26.5          69430 
 27            63885 
 27.5          62972 
 28            61715 
 28.5          60924 
 29            60921 
 29.5          60539 
 30            60008 
 30.5          58441 
 31            55940 
 31.5          53415 
 32            50491 
 32.5          48432 
 33            45878 
 33.5          43800 
 34            42422 
 34.5          41287 
 35            40434 
 35.5          41150 
 36            41429 
 36.5          41018 
 37            39477 
 37.5          38477 
 38            38317 
 38.5          38221 
 39            38265 
 39.5          37868 
 40            37332 
 40.5          36487 
 41            35721 
 41.5          35442 
 42            35324 
 42.5          35398 
 43            34594 
 43.5          33387 
 44            32364 
 44.5          31614 
 45            31413 
 45.5          31947 
 46            32161 
 46.5          32185 
 47            31712 
 47.5          32386 
 48            33404 
 48.5          34111 
 49            34044 
 49.5          33105 
 50            32894 
 50.5          32904 
 51            32982 
 51.5          33094 
 52            32876 
 52.5          32509 
 53            31421 
 53.5          30694 
 54            30278 
 54.5          30050 
 55            30502 
 55.5          30597 
 56            30640 
 56.5          29956 
 57            29716 
 57.5          29699 
 58            29770 
 58.5          29921 
 59            29601 
 59.5          29597 
 60            29187 
 60            29187 
