 10.5          30021 
 11            30148 
 11.5          29044 
 12            28498 
 12.5          28312 
 13            28624 
 13.5          29021 
 14            29384 
 14.5          29781 
 15            30283 
 15.5          30567 
 16            30807 
 16.5          31059 
 17            31327 
 17.5          31485 
 18            31469 
 18.5          31681 
 19            31749 
 19.5          31592 
 20            31449 
 20.5          30976 
 21            31154 
 21.5          31561 
 22            32519 
 22.5          33510 
 23            34469 
 23.5          35550 
 24            36698 
 24.5          37422 
 25            37558 
 25.5          38045 
 26            38966 
 26.5          40222 
 27            40088 
 27.5          38680 
 28            37712 
 28.5          39825 
 29            44725 
 29.5          48577 
 30            48805 
 30.5          46838 
 31            46538 
 31.5          47132 
 32            48635 
 32.5          49498 
 33            53398 
 33.5          61811 
 34            73017 
 34.5          88540 
 35            118576 
 35.5          151214 
 36            169906 
 36.5          156860 
 37            131081 
 37.5          109793 
 38            94262 
 38.5          85247 
 39            74403 
 39.5          68662 
 40            66299 
 40.5          67612 
 41            67492 
 41.5          66896 
 42            64217 
 42.5          58658 
 43            54271 
 43.5          51536 
 44            51498 
 44.5          51569 
 45            49616 
 45.5          45529 
 46            42138 
 46.5          40628 
 47            40953 
 47.5          42255 
 48            42625 
 48.5          41695 
 49            40313 
 49.5          39580 
 50            39546 
 50.5          38987 
 51            38560 
 51.5          37955 
 52            37981 
 52.5          37906 
 53            37999 
 53.5          37335 
 54            35780 
 54.5          34504 
 55            33939 
 55.5          34322 
 56            34766 
 56.5          34480 
 57            33887 
 57.5          33299 
 58            33102 
 58.5          32902 
 59            32627 
 59.5          32732 
 60            32670 
 60            32670 
