 10.5          30092 
 11            29993 
 11.5          29155 
 12            28499 
 12.5          28486 
 13            28770 
 13.5          29188 
 14            29826 
 14.5          30190 
 15            30809 
 15.5          30822 
 16            30990 
 16.5          31338 
 17            31599 
 17.5          31998 
 18            31893 
 18.5          32409 
 19            32570 
 19.5          32242 
 20            31872 
 20.5          31387 
 21            31858 
 21.5          32175 
 22            33127 
 22.5          34100 
 23            35319 
 23.5          36116 
 24            37256 
 24.5          38194 
 25            38365 
 25.5          38378 
 26            39329 
 26.5          40347 
 27            40364 
 27.5          38751 
 28            37772 
 28.5          40111 
 29            44839 
 29.5          49123 
 30            48821 
 30.5          47107 
 31            46931 
 31.5          47672 
 32            49227 
 32.5          50170 
 33            53837 
 33.5          61971 
 34            72849 
 34.5          88624 
 35            119438 
 35.5          152050 
 36            169764 
 36.5          156678 
 37            131984 
 37.5          109543 
 38            94218 
 38.5          84449 
 39            74318 
 39.5          69119 
 40            66148 
 40.5          67607 
 41            67128 
 41.5          66464 
 42            62560 
 42.5          56889 
 43            52455 
 43.5          49906 
 44            50394 
 44.5          50128 
 45            48373 
 45.5          44131 
 46            41200 
 46.5          39959 
 47            40043 
 47.5          41384 
 48            41867 
 48.5          40338 
 49            39370 
 49.5          38781 
 50            38784 
 50.5          38155 
 51            37829 
 51.5          37459 
 52            37346 
 52.5          37227 
 53            37481 
 53.5          36317 
 54            35420 
 54.5          33928 
 55            33578 
 55.5          33895 
 56            34514 
 56.5          34621 
 57            33910 
 57.5          33407 
 58            33147 
 58.5          32855 
 59            32729 
 59.5          32649 
 60            32785 
 60            32785 
