 10.5          29855 
 11            29910 
 11.5          29087 
 12            28523 
 12.5          28499 
 13            28574 
 13.5          29022 
 14            29440 
 14.5          29821 
 15            30335 
 15.5          30406 
 16            30828 
 16.5          31001 
 17            31308 
 17.5          31268 
 18            31390 
 18.5          31755 
 19            31892 
 19.5          31584 
 20            31178 
 20.5          30940 
 21            31284 
 21.5          31605 
 22            32655 
 22.5          33566 
 23            34571 
 23.5          35728 
 24            36936 
 24.5          37853 
 25            38118 
 25.5          38370 
 26            39151 
 26.5          40222 
 27            40136 
 27.5          38540 
 28            37708 
 28.5          39795 
 29            44673 
 29.5          48593 
 30            48793 
 30.5          46812 
 31            46388 
 31.5          46914 
 32            48542 
 32.5          49656 
 33            53536 
 33.5          61796 
 34            72988 
 34.5          89074 
 35            119400 
 35.5          151700 
 36            169105 
 36.5          156179 
 37            131189 
 37.5          109245 
 38            94098 
 38.5          84523 
 39            74173 
 39.5          68538 
 40            66140 
 40.5          68146 
 41            68185 
 41.5          67452 
 42            64114 
 42.5          58678 
 43            53732 
 43.5          51310 
 44            51553 
 44.5          51410 
 45            49340 
 45.5          45220 
 46            41786 
 46.5          40528 
 47            40937 
 47.5          42369 
 48            42785 
 48.5          41475 
 49            40095 
 49.5          39314 
 50            39381 
 50.5          38817 
 51            38459 
 51.5          37983 
 52            37959 
 52.5          38051 
 53            38203 
 53.5          37216 
 54            36076 
 54.5          34469 
 55            34072 
 55.5          34537 
 56            34724 
 56.5          34502 
 57            33848 
 57.5          33342 
 58            33127 
 58.5          32883 
 59            32647 
 59.5          32601 
 60            32752 
 60            32752 
